0.0820700291981749
0.1534990319147858
0.11857066935409159
0.3107451183150613
0.2129141132079432
1.638481954852715
0.16106557016211492
0.1121831614150959
0.2124641224331201
1.5380569686534389
0.11072586009633842
1.5275395341525027
0.1763372880202963
0.18670300765575032
0.09798369704127441
0.20103532053449863
0.10634953716344846
0.2455393148507399
0.8013619889872652
0.29773011710737496
0.3845267753538497
1.6256431247676908
0.19286427361389774
0.4314518619511636
0.49437130083718495
0.4285256283840593
0.07282118168284246
0.35892154938241116
0.18327094676050748
0.23465518046155398
0.0752177007914682
1.2058560101049653
0.12113167096690249
1.6513795995533596
0.0793949109755198
0.17034221312207948
1.4975191402138943
0.1919444060257301
0.17098014948065388
0.35208153507462236
1.0433947669332704
0.5569387140405522
1.1039534440306422
0.11924332747616986
0.12612885321374165
0.20619436662557655
1.3739379393990072
0.5220414363014378
0.09677185637957066
0.14224475181113194
0.17434741419582092
0.4199707699453511
0.07550370012517293
0.09982065856010278
0.09754241164494416
0.5538680317852468
0.11066110475373442
0.11779295741700027
0.19434271241395923
0.08644032750508135
0.3795108885194126
0.09858099443288179
0.28301728245085617
0.276713041779889
0.26156059864757497
0.4314556429231352
0.07641207334689756
0.11323590552912641
0.6447564600551559
0.31260179215342854
0.2900330978030554
1.6082307235164643
0.07376859216378442
0.14751504749955435
0.17209041545761866
0.19370768253108397
1.540225229127831
0.17825077170018816
1.3248566132059874
1.601427090654031
0.0976160334966921
0.10316476576042892
0.18945145710265832
0.13026599026123897
0.19059599978933373
0.19176391757338085
0.09664322575396467
0.19071071940487475
0.13706159038692523
1.5504595321866508
0.09623636545155792
1.6980950439118754
0.10269042596885732
0.1842290659529846
0.1111487683550654
0.4055490334079289
0.09532042716383696
0.09686172190072265
0.11829536163598886
1.40513148119785
0.28434230293745033
0.15053052171924403
0.15412096204219428
0.4270633664472643
1.6950035011822067
0.17334540233957668
0.42015412455269996
1.3851295783412345
0.1848589046148367
1.1013780440906924
1.501153722260761
1.1286337730980707
0.30836338458930596
0.3624990249770482
0.11307791415029841
0.10736813481116128
1.5707884943600807
0.07838792003120827
0.09599041645174153
0.8622477366514223
0.1828732181571054
1.5553268749623463
0.11471622406630505
0.1517111486737262
0.16641789916280209
0.5371740231758053
1.6545387087608385
0.18294224517069388
0.42282000714977985
0.175395337231168
0.07462793412609603
0.1539258269777768
1.6884849588174162
0.31407980579747824
0.10432974599919254
0.8430218484274491
0.12255315581623319
0.07258826883489278
1.6824721896141457
1.3690687192141426
0.40146885316911707
0.09672608667269325
0.13585917805256698
0.38079806302503316
0.09156175024837886
0.11089227321176953
0.1934978423322828
0.1399355916552507
0.41170218436106865
0.4519225213755575
0.6706989634578573
1.696719510006992
0.09659525230738472
0.19005996249206103
1.6854683798858476
0.23953113939088944
0.11928060945031722
0.09526576217067609
0.18501244885831092
0.13431776344091934
0.10306552837209523
0.14030660341188717
0.1574337672814014
0.3542276475285453
0.7574863726840344
0.23814823499299978
0.07531813019750888
0.19330660749215922
0.15658780494619592
0.18205573305635175
0.07619075972407696
0.1237665101217901
0.17179149313976072
0.12637948750085587
0.08938941787543275
0.08660799463257565
0.1859239802173228
1.1333738525185315
0.18334592333533012
0.12318218645123213
0.07629407678424023
0.20959945344821684
0.971559161950792
0.21680634119527875
0.18043799708292707
0.10166494792210003
0.7967778761697659
0.3497378721465112
0.34325508345002603
0.07345359294720175
0.12394770611303171
0.10545992056193948
0.1855589035977944
0.40751097803212444
0.514792995409201
0.09632005973127193
0.1046588443347995
0.17023432831937058
0.2672666589802547
0.11481512778149294
0.08535596718211996
0.1286356974953185
0.3731060224274142
0.17821752510090355
0.09960219366580202
0.418608657848176
1.6721350300517477
0.11020851472601731
0.19779163784472903
0.13713856605523927
0.10220413015447148
0.1139279253492585
0.4876969034446538
0.24841610117568805
0.6154680106358678
0.2005499101021198
1.5501926117529863
0.3115401701156566
0.16196712948758984
0.12173655934808297
0.09675779388050487
0.25444647304719714
0.14158837087733445
1.6880979067457977
0.12018670000953299
1.2077750431223926
0.09644407691748905
0.19031721952370229
0.41459534543000154
0.07259477850232551
0.16594296816178652
0.391847429463506
1.679822238146164
0.09702225878890647
0.09200847848798686
0.17219985902094698
1.683827807508015
0.6692745691294872
0.4093790335449083
0.714297971971849
1.3738996720846233
0.4060404378414322
0.09727687553676517
0.1225547538063794
0.11277416911824183
0.09636324831629131
0.10159324188209148
0.1562839236147051
0.10738129664366936
0.10408791345705279
0.1345460258229128
0.7740522137744998
0.13429050238703588
0.13272654769806141
0.4314449624496888
0.07822461842066408
0.09739575188875807
0.19975765262139117
0.09999384783063466
0.12562144934770864
0.4247776438762664
0.19088627752151957
0.09861281657843413
0.5936660200874475
0.1741703182284456
0.4293435088991703
0.19403477269142783
0.16102879780189477
0.10255882214472259
0.1927476730807488
0.20082522859144147
0.2704241852764424
0.10551330388192842
0.3333791959142161
0.19405479688462976
0.23600226467688912
0.531980627463662
0.3374645175699563
0.09641872983904834
0.15863630370077714
0.17932482477249895
0.07257383881257304
1.1953307034276914
0.08733476810456327
0.10180468061398354
1.683764496920496
0.10130108321085707
0.08318403060775093
0.09832781521836041
1.4808685388595237
1.6970768030520802
0.15544148496035826
0.13873369512751144
0.11504406387012078
0.09646500135167885
1.3362306514781381
0.17576949156718408
0.23555446535301497
0.8428319669265212
0.09830753531522832
0.7991340656147021
0.1755407849502748
0.3375788579848584
0.19201384605318728
0.16885363750665325
0.12333226187505668
0.3762953364144166
1.6270226986097471
0.174936829935394
0.6598814991839314
1.6591680148244339
0.11605369020704437
0.09008909772921897
0.1922463793527
1.3639449736119573
1.4751164381911033
0.14731148350503853
0.31419663187881763
0.11295065269293057
0.18843061411984657
0.15363559908080515
1.6561295253953237
0.09509234781939732
0.08484723937915972
0.2185247374428329
0.07268028314939509
0.1815177442623046
0.3936295345495283
1.5762108343816328
0.09622998879080769
0.09626223257195297
0.09804623700590243
0.1921692943088822
0.09380140604915288
0.0757142493517505
1.4871225461779396
0.08596002144397032
0.3924927424661446
0.11349143493016678
0.19023265654167154
0.11912186621241158
0.1828615202839623
0.5080804472787546
0.18627408613210644
0.39439086617318714
0.0984614115673392
0.4121549595015451
1.5717968201624788
1.6661990280914472
1.2921631615884417
0.2094308225159464
1.4667259897038603
0.10265644182907196
0.18805908342994188
0.39653714716119504
0.7323708102159145
0.11351694039828673
1.0857223102195621
0.18493215752579337
0.09587760722731915
1.4863513107028352
0.19024707575176283
0.13920744042392644
0.1922340043631931
0.19347054829437815
0.3624450706282094
0.6542352705240959
0.6452590956767373
1.6690410377917857
0.07449777944947557
1.681481847644557
0.1230715335272697
0.11216885213279434
0.19065643539715432
0.07298279570887024
0.10184877372106482
0.15659483285258513
0.07785002546850284
0.19718954475206707
0.22463168437144215
0.44105931879114335
0.30658206939416294
0.4313616904402616
0.07295024454514781
1.6303529437727766
0.4706485961857766
1.698702035615666
0.1132525214634034
0.24729408110612566
0.09225213732641892
0.1626364191670588
0.3926618130015245
0.07526388933316039
0.07325705549552816
0.4082106596539452
0.09203622782845841
0.10229551279661567
0.3441444752898076
0.10117629103740733
0.3890267705332314
0.28660281044888714
0.3129700743114844
0.33333283454040064
0.08985557278908238
0.18854696796649933
1.5344930686368787
0.18204100556359742
0.3935360119379985
0.18025226579434472
0.1888880765010511
0.38829668518385546
0.0725698963794217
1.681062720562754
0.5434436780925476
0.43146443151537384
0.15602357813733467
0.4097906094743815
0.7252022371375038
0.29611365951974444
0.19435689443705628
0.15081080417806084
0.08088127100081588
0.38047173321389144
0.0961882333671146
0.31373952187883264
0.1620541710086964
0.14225545397827935
0.17822495052439113
1.684635184856208
0.38514090263194856
0.098719039401335
1.3810625199467725
0.366518004912166
0.1678557147203045
0.09619606066429644
0.18604025691482845
0.2102267741644418
0.09847470473086614
0.26787302530096935
0.08116783317356063
0.696721753303846
0.16382791412073316
0.1535416700331175
0.1690639320035524
0.09858629737133136
0.18035116187298328
0.11612316576280043
0.3107512083450801
0.18139564598015587
0.42548873973014784
1.341392004571015
0.11581968964669753
0.39340791477752285
0.0861238652481884
0.1918083056494741
0.4297184868856049
0.10699181881279984
0.1856237708853626
0.17897054594753517
0.24304928142101434
0.35350092878965084
0.0962646050048247
0.09749791198506519
0.18205678861642147
0.12120990278610287
0.16710390828430371
0.41460980579046813
0.46836116389492066
1.5880158001463385
0.17965256081297287
0.1511237420651736
1.3234957139963668
0.11820298871332954
0.35920544557987927
0.1782497217944271
1.6912827942397954
0.14542427325863846
1.1397395047539467
0.33595778482538385
0.07471482975343957
0.2895188919714647
0.10303023670701733
0.13262167630553273
1.688552660632776
0.1963850622530955
0.09983560738003255
0.09244358416010656
0.178630560049411
0.2250489391017318
0.09592005471480802
0.11516544411071239
0.09882755834619472
0.11619450142987112
0.3987973081247564
0.11335801840997875
0.2708280043788116
0.12673663592876974
1.2188872466720537
0.07942262724109556
1.2403380065877796
0.2506766662315685
0.12214587924172898
0.32796966820062423
1.699646298575827
0.14804896360392117
0.13998706479475298
1.3857305435626226
0.10838642988079103
0.09324148099910448
0.11506346982795371
0.10281896787036886
0.15935732462905972
0.19428653933319756
0.2086246524048163
0.07347012784906455
0.07270071114327001
0.13619787872979489
0.16917442416876777
1.5746901193683605
0.18922253331088545
1.5914321386915504
0.10468162582909862
0.34116957735619413
0.11146257126993836
0.09708519938766513
0.3211737385345883
1.6887351307375857
0.2577615446516658
0.5859663749925199
0.14768486936377084
1.5935479507556742
0.41233055571512667
0.09645487956465876
0.9960613454254393
0.4108436625336821
0.16199283164527464
0.10150829260450991
0.19335656109328103
0.15476631533053842
0.10038078701688048
1.5996697057293074
0.07588350348053857
0.107549815546875
0.07262372984400628
