0.19402592390688855
1.6856360139689297
0.29727748296052725
0.14788523365103354
1.6847514134406887
0.16366436122324182
1.6080226195160738
0.2745578484575097
0.11398450021477893
0.25505196169591693
0.2622360121767905
0.6292718856818718
0.3227780886422503
0.3799730312286696
1.4989204298966292
0.2555865138597314
0.23677332212054386
0.15277478645656767
0.2745984630615186
0.19051294314292927
0.1760025812317874
0.14278460260901765
0.272406317348621
0.26969616261742585
0.24909162456275355
0.14770730835905665
0.25350476143591416
1.6840262264683887
0.25500617813772414
0.20507464416739096
0.12282630050791717
0.14678255929617154
0.27544693843489654
0.19470257123846185
0.1493954696386566
0.2539347025276937
0.2239779300258781
0.19227719600862625
0.14762440044575162
0.3371156070465225
0.2755338305292546
1.6831886097128481
0.26958227110706456
0.14924201775525106
0.185085920761268
0.17021637958656227
1.0144487710808803
1.6779534378403032
0.25166475070773753
1.2572094368713573
0.1478654328306186
0.15051330561264475
0.27413452462800847
0.2769690363575107
0.2728222712209962
1.6672554491813023
0.14797142798669688
0.16313590223424887
0.149775860208967
1.4875895155615992
0.19197680019567664
1.632725662980931
0.3596280432119453
0.18253732222577923
0.2032515746749662
0.5472455451702183
0.14806966187197657
1.3165241194753459
0.4361742451126998
0.1731710857849939
1.6301360368880118
0.14901343625711733
1.4269320520713973
1.0891601608900339
0.14140900820409863
0.14268590297149072
0.10016789920686339
0.20833197090161248
0.19902067027977288
0.1663185836596705
1.653606198130102
1.4066911320490427
0.15861525309753471
0.2713019419139599
0.10708891651957361
0.1577889854566768
1.6703221254654905
0.14256622902340652
0.18346094831132864
0.6077047749736078
0.26031209116388654
0.18716764115343454
0.6023010510417737
0.1518987905812587
0.255445962824689
0.27467774381593046
0.15161660822503864
0.35646592453115444
0.14874780258644485
0.19181600439338592
0.15137539849104414
0.14765915854472084
0.1705662262546918
0.19456229633039673
1.1768073510691632
0.29153079706134744
0.2698144033404043
0.3756891811084201
0.6244630461203918
0.26606097403756457
0.1481082688095348
0.3517169752731807
1.3924557203933552
0.1738921742001434
0.3057507529696367
0.28549942358912267
0.17510269632765973
0.20373597459107495
0.42623736405134827
0.2694102640219874
0.25423814558120633
0.2417880047262797
0.1420680656558136
0.09782441856825604
0.20595867896145087
0.2088183093563643
0.2661065544696724
0.18473583397498933
0.17303449339410515
0.28228584073418717
1.5578132784775134
0.2537816805389675
0.14794608015991484
0.14800754403697874
0.1550020783132358
0.16014641851795708
0.4187558959589104
0.14757937685029254
0.1614067714536266
0.6472562598788019
0.27493938846479193
0.15401263195136644
0.15731165697634983
0.2212635538698769
1.626765694626525
0.20433367092296548
0.5630966185580089
0.5760029370253865
1.6771345432169875
1.6479011786194628
1.6693738916907528
0.2554553027960601
0.1670580002431688
1.685424538427942
0.1481639873672061
1.495233241562774
1.2519469079392613
0.6325557813365957
0.1482013864748836
1.6771393352508142
0.17378109121475155
0.25523582205549955
0.1914998319463338
1.6118254392942846
0.15481173199407366
0.1431753564347465
0.16776199232932495
0.20947188433347835
0.27370650495743765
0.16272723880404832
0.1569219450449981
0.12316419558897118
0.15122282696974468
0.14725026366804506
0.25560178188611005
1.54092271270286
0.491664728857952
0.2565188901677119
0.3787156268460849
0.16910448180273596
0.17825584589231966
0.14765190715559842
0.20018930507055577
0.1714844878314128
0.16853862430324518
0.38640047066274386
1.5380068189690712
1.6830776652693253
0.20467528978595223
1.2451665329658308
0.6485809947692041
0.19106371317801368
1.671728122508073
0.14941164459606365
0.16594277858233675
0.165648921440965
0.24979239696601935
0.12787995614063224
0.23315397992097103
1.600937522175371
0.14784666951513745
0.14256667689579555
0.16265854472587948
0.5392794522137643
0.18700546301505444
0.19085596918822484
0.15458219598746806
1.0076926248262592
0.14818093638514512
0.14183246603010954
1.6059114343182275
0.4412492175128864
0.16020253532757572
0.19105503690699405
1.659210012543046
0.3627731621488076
0.18857770039693192
0.5362699688293864
0.23361783588807333
0.14766681856264693
1.1020845866562885
0.14931321140921577
0.1502149097873191
0.16407996394115987
0.21673532094185297
0.24917199424048486
0.736456791058524
0.27212151989672073
0.2723047706212043
0.6785281521399764
1.6400381598365645
0.14848586980011058
0.16500562044494216
0.10846706865058771
1.0659067213386897
0.14819978539714054
0.15317447456270042
1.6612910664537295
0.39893803566223196
0.1775295663677913
1.5514973537116816
0.14802141709371228
0.33846235121348345
0.15345002467396385
0.26363290281471574
1.094980647783295
0.15307202849964294
0.14141866964585997
1.3088734282281442
0.15441221536041422
0.14663313522675675
0.263823580255094
0.16029120430339028
0.25543073394926585
0.40391810689515195
1.598871640592699
1.0468878907931018
0.1480905137747064
0.2618631819521138
1.6762368378044177
0.20148721741851594
0.2656092525271937
0.2511087542779019
0.2535113317032012
0.1501491492574549
0.1654567679498123
0.25375518627123317
0.25147878013711633
0.17244408200069267
1.5418779765952675
1.2742312316872912
0.4224816046477487
0.15053840110218708
0.14814652121224603
0.16701510969734293
0.14202434266418432
0.20577803380900542
0.26232083844223664
1.4872362525868832
0.4138958158147448
0.2382043426086247
1.149502376974537
0.13118672555536132
0.14943168552567504
0.4889991962028702
0.15922824008821548
0.918340701960309
1.5832519699519723
0.3276627010455867
1.606834379203217
0.2706574567017945
0.14994836098362316
0.15136588225214448
0.14917722547813933
0.7486804802781685
0.1559813390005833
0.2535945332996572
0.16084311916151
1.5347324416944979
0.19052657679386095
1.029608045296048
0.16007591925286926
0.43613048333189575
0.147809846225305
0.17469651746273868
0.09197758438215665
0.2198804563106685
0.511328474245512
1.6860506381845304
0.10995027989704104
0.1559538175016883
0.141877408082124
0.16689213792680718
0.14852620560744167
0.57741520957378
0.1837645555877675
0.27537808252367285
0.15782628459774428
0.1483347018325212
0.190013304249326
1.666571393911592
0.10783330780688538
0.18727833299916924
0.26242591075525024
0.2577492387216143
0.2699302916213273
0.6005536010090924
0.7533167527951912
0.2542420168462983
0.1950711225223351
0.19896351648191413
0.18555057095789246
0.40330884782728604
0.19206160533939198
0.2732518651859559
0.20663284527101372
0.21556470906109723
0.7566062498548742
0.7596508343115045
0.21220806966403816
0.09405827641844436
0.16131313207886327
0.3087243332630518
0.16593875380244627
0.25705615389573355
0.2645385700307684
1.6320341226942237
0.14914551159311412
0.257854580318722
1.0766536706296996
1.685833253498696
1.6636670367326647
0.23046128447856118
0.22079803276928311
0.14942521563641606
0.25461797316902035
0.1715434075662692
0.26527947241074623
0.1578190260062729
1.3140610057657143
0.14272929306963023
0.14866862908750667
0.19200316431238193
0.09092323398218537
0.15184097254207027
0.1494336560096604
0.14546445271772626
0.3387854842747482
0.27453091985178296
0.9557011085622162
0.2502718601004706
0.15249377967742178
0.11958396546576594
0.1648848813558588
1.6745023472856098
0.7188506402379997
0.3295901226573744
0.27002978749227335
0.6573078385026875
0.25426356356880975
0.1648788406761364
0.10457202453013695
1.5925796443588345
0.27282341659260706
0.14776638759396232
0.25350653157160535
1.574213341987451
0.1476123282724804
0.2063674174130567
0.3174409488738152
0.2038764619081918
0.2544083787233141
0.16183547545343685
0.17715359813131948
1.668401665228365
0.25873531649650927
0.25248598349569573
0.16964450284636823
1.1796925379918068
0.14342140327947359
0.2577437188145133
0.1541392510106887
0.1416300929623088
0.14259608994777614
1.6105717182860193
0.27533646150063945
0.14798333533786145
0.1666957834142181
0.14816377567993017
0.15756958590659803
1.2323726083972448
0.14768383978696803
1.6412559141316314
0.29026423623956155
0.15154729850773177
0.5082667113871291
1.1188393560359913
0.2751253967827322
1.0489208844527562
0.18411568313287202
0.14820795447052937
1.4158615251180011
0.2171215092326334
0.19435928293275948
0.16106644438279816
0.27419791347303124
0.1075573783500978
1.6848060127829407
0.17018904389178385
0.2945242707736737
0.19799746333632656
0.6460980336850137
0.19429029396970227
0.15004779509111332
0.19396279235280717
0.14841627107477046
0.25510435377838864
0.1572649966607486
0.15341002623673805
0.33599062901043475
1.0397225561358148
1.6837464709554766
0.4305233332137408
0.22326901502286273
0.18790719557898578
0.15959653248246675
0.27294217451662073
0.14942311868244013
0.7716038650630545
0.26565508709709296
0.17643788478362096
0.32999260819512244
0.1928132469906535
0.2512685099536546
0.2635039935496278
1.6318806939235746
1.6732137984483235
0.19309659352698832
0.6994544743906079
1.6821474881432854
0.2593456331497942
0.14853751771544596
0.1597030423288097
0.14774312409660895
0.5702991652699358
0.38970123408941193
1.5930696190108011
0.19162608861824076
0.17785769532507054
0.26506116252306905
0.15851575996212858
0.18698749659408526
0.23452903187025476
0.19056951812068657
1.6801403361408747
0.23691468483554518
0.25778862669899727
