0.5088204525544395
1.1688237943748125
0.15885377309407567
0.1720458699156408
0.12576780539597693
1.1216391690734606
0.558983926198652
0.21734609688491244
0.20904933114226412
0.6810962825464275
0.3078087928197748
0.20781398671835144
0.22527023724500453
0.09392134595437472
0.22498744236680585
0.1073099154379289
0.15550493171635482
0.09714574659433198
0.11678711414489687
0.22513782560072168
0.22411190240316833
0.22527489662852526
0.20588684821520975
0.13097816197957068
0.4911790472417381
0.11848195160056685
0.0969337798521647
0.14799883753322218
0.12227340986007856
0.11995882358073022
0.29114087267002975
1.7126436234283742
0.37059820456087944
0.16764050133210684
0.2209667489541008
0.3972513882740948
0.14821407227113403
0.16999558610111518
0.3839318456868218
0.2755222309353824
0.302999614630607
0.1304223213821018
0.18002258963720624
0.7263948871900947
0.09639510381495947
0.1769722744082951
0.12719290088857343
0.2145887400583405
1.3124340619981893
0.19820717157301776
0.44381040075970746
0.45794432967063714
0.1167039522108049
0.15123068916095556
0.15643771187212782
0.5841310249517793
0.11644537760133025
0.45180527968689294
0.14637161162505677
0.5436340632549963
0.3264779594284618
0.18249417363057505
0.14447784596440463
0.12795370671533995
0.1757455298030754
0.1290069707937997
1.7163768673648963
0.14961882133203785
0.1822553522168203
0.7058322990896249
0.11196773545180669
1.6420355281935892
0.11216977044018109
0.11235898466809904
0.1921042117468436
0.11745129326789788
0.10062095436832992
0.525539865584606
1.7035703171132557
1.7101731920810344
0.22360869748643236
0.2618889120527018
0.19264369346594556
0.1634717527355157
0.09301393126889358
0.12384332755803937
0.11138507882261492
0.21192961152117207
0.13277164055664298
1.6594637830136558
0.216799635544564
0.18255999827490882
1.7017526737546735
0.12049603283962089
0.11797192759954284
0.11394349520678654
0.12206853174055113
1.7034888342520285
0.11489760635310342
0.7756636954298541
1.1604741373293401
0.09547696820927405
0.24172032541513686
0.21078877160024923
0.10069221311739271
0.5091682857881967
0.8163189520378922
0.1383550383917501
0.30802605625010737
0.22527214626554098
1.1500551305846927
0.13594384641730173
0.15553704166343874
0.2080641967473542
1.6898358095890782
0.41017433661198677
1.3507075624672598
0.45141310058970974
0.13140002691275074
0.4018745516257144
0.12836575155379262
0.09356410180612795
0.1350325529502301
0.12151019171920993
0.2215879427145359
0.1915907600688552
0.11532788228000541
1.7014688204037922
0.15223648825810085
1.44491800699266
0.1795747841894041
1.6740609135198277
0.1824377220941762
1.4529363504356434
1.6869368545374168
1.6581773040593437
0.09371835209639463
0.11353103647618293
0.09275891470507752
0.11427741413250536
0.15787783573664826
1.0351838771362045
0.1236458296146042
0.1505156812081624
1.6880970920455636
0.09387854130876577
0.1041270989868097
0.1120647876354589
0.26642863295550334
0.11687873178675903
0.13217494741464172
0.22298457620622847
0.2249970950148612
0.2769841754872875
0.43044963333972375
0.2180244067935102
1.5682367292021402
0.19815092334094495
0.10317839473513814
0.21995885223837025
0.9850956720258708
0.1796409734959073
1.3335258191436519
0.2964471926931903
0.15937190173255109
0.43596518706518905
1.7146600510384444
0.38616532697289063
1.6958173690879907
0.11267028254656747
1.6331402520979361
0.09588894580209954
0.23380762322269888
0.49920904564166535
0.16100088614774188
0.11547559591983282
0.18674296556220876
0.9800063637285598
0.11177095601306528
1.4801539764453293
0.8298914667169659
0.5752322974658518
0.15311797775815866
0.2100589616722124
0.14837824341324035
0.15278457138190155
0.11241855439032881
0.15587890374289584
0.2250760966693692
0.112396757572725
1.3202423137449748
0.2013745747640354
0.10060182496385608
0.10827519742962421
0.10323987635188131
0.13326998143848884
0.10102665080683937
1.7046867550299982
1.7005826882906974
0.4024593742705695
1.1904355658636558
0.14234457669521136
0.586980329798449
0.16780185064850411
0.15445315260792963
0.15396522337966678
0.5864692148885375
0.5288955027553228
0.8504953170039808
0.29227629770699515
0.22520052867738277
0.36483600122456816
1.0906136930904569
0.09334034504716673
0.11800758593577558
1.712498456921518
0.22527072387216407
0.11417639827359921
0.22526854473003888
0.5671479642922962
0.11181650705121526
0.11424084736347107
0.34888808583735953
0.13451283402709177
1.2442361653600549
0.20809577504546567
0.10823954259030699
1.5113939351229093
0.13347963870326535
1.2946793792407312
0.16522590481406613
0.2226605878537951
0.11574755147849444
0.4996453845100526
1.6780390003800423
0.13641322074065873
0.11790525994555673
0.21161872043655205
0.20077231541021828
0.10626219513586665
0.223599199130401
0.5867320774387008
0.15525121200131525
0.33949598555311933
0.4736806716170036
0.4716495575663605
0.5717980609918326
0.18844911050254343
0.18847202742911073
0.09278013533060801
0.16337592383292732
0.8801742607037631
0.17006204216728169
0.1475690618171896
1.6424575654272662
1.202067241853838
0.10058384279235655
0.11332500977905856
0.12650430229230897
1.7005153861712463
0.14174807527085792
0.5697757353186732
0.8119638626781833
1.6888399574788426
0.2671825373503339
0.1041758319151706
0.115243468386201
0.22332874504734335
0.4798820164047027
1.716399930361244
0.19227665115104042
0.1041668213907569
0.1181453808061948
0.18964683772299845
0.1778383654543576
0.9935230914597732
0.40961918577662026
1.5217276603357108
0.17257257314480984
0.34440465770049755
0.4292890025069527
0.1176656496175634
0.14205367816708003
0.30967254472437855
0.25111087785962577
1.6382541555189607
0.11176760238852346
0.22502971218272122
0.19386317617800464
0.15727629299618354
1.7017905031613747
0.12496185833780231
0.09923741820005619
0.1266486792258329
0.20149955953576798
0.1129815586434336
1.3245866784137683
0.2143369632474834
0.11358356043708388
0.092964759623122
0.2115206114398599
0.1809605692347153
0.17722878386809993
0.18998710759978932
0.1794111673671458
1.6700555916794284
0.12487639933419957
1.6262840825858127
0.17924717158046483
0.15452120303727618
0.22524823310316475
0.11845526052129314
0.1958416641507639
0.13992152092251584
0.22481926044629302
0.13967290890790895
0.20819741169863454
0.20298214677561593
0.11624711082090503
0.11673551689416412
0.2097611521341863
0.09812927746036179
0.7052876572655493
0.21662815582110959
0.3116046857890653
0.1126810846915001
0.3468126630238243
0.20880321325510232
0.14837395259913
0.1398101291528282
0.15492957692297782
0.20506729541047836
1.602050502979667
0.1655603210730204
0.09496368844107542
1.1868031702865127
0.14703627493030014
0.09468365254287851
0.6229509598970159
0.14551178568966178
0.1124942413473599
0.16602934106911704
0.11418239901625202
0.25245202288603197
0.5868788806413986
0.21480361119719218
0.35155711864102346
0.13616170020969154
0.09459112098087255
0.13417512401731074
0.13218939199687543
0.3786828386988913
0.22520254645176946
0.426368090468572
1.699551540261778
0.12898291546163165
0.09333027054275964
0.18629325897695193
0.3300324849075705
0.12817381421997426
0.15568520374232103
0.11264284501517499
0.4347533280450394
0.113872434824297
0.21015303723762296
0.09341989906664289
0.09443821881173617
0.3167160506639667
0.19914917988531297
0.5480098952688508
0.12481679127017242
0.11207242144554347
0.2052420790358895
0.3343667863792107
0.20947403142460175
1.400675957799217
0.11682230076256411
1.5031350119966427
0.21989860198207473
0.17607854785326743
0.1132249791470034
0.7793924953730677
1.6984044570935741
0.11177157826072291
0.1991421709913036
0.12726917443546798
0.21583533682413789
0.16411157277306432
0.3859253054277687
0.13472500523975187
0.5105988823047873
1.6433662163496614
0.14415123279190267
0.0927663159516626
0.12363519799976527
0.22418059793295178
1.4319721781163515
0.8675801517547447
0.14669025469995153
0.12645638350157173
0.11215909804783565
0.22454833799756807
0.1221743742459401
0.21735717254926618
1.3177056596075816
0.8252927697585692
1.560068757936396
0.22644190263272382
1.7040355152785032
0.11110298557094281
0.23796315215550295
0.22129179808274516
0.15497850993128764
0.1117765076219702
0.21524493831329103
0.34595600560225137
1.601693065317575
0.17292393028973901
1.7143454039869237
0.09953562941479861
1.5910597966905384
0.18448643396306427
0.8172947554961416
0.954339536877659
0.12473442310586053
0.12606764706070192
0.09450781420019969
1.366252483249665
0.10547956693312709
0.11535582336616389
0.2588983467609299
0.20437347810697623
0.12333983129733497
0.13646669554009244
0.09362578750684997
0.5681932603455968
1.6910349671304936
0.11783955311279506
0.19660772120299852
0.1214408232457745
0.12151291952168958
0.13367701785660963
0.1520915841066109
0.11238932345547073
0.14909175759936627
0.3162614899328957
0.20853619521120015
1.3462359622145663
0.2817674897524376
0.3708671883220915
0.21729900388404083
0.26004917420262375
0.19771591006373754
0.21584917828259415
1.370344934118123
0.18137776038403372
0.1572721140147337
0.586922817157248
0.2247478425854138
1.2344069378138736
1.7168980861437835
0.14089641952211884
0.21516419210663296
0.12676720844211736
0.162029892311225
0.20849225417913725
0.1535848431025029
0.09420002641824055
0.1150710329026056
0.1421606508318159
0.2222587668475914
0.11873778225668358
0.8699402091649726
1.6575922225189945
0.584141486146444
0.11310257838597296
1.396731462169656
0.1132079544954521
