0.2945742222520799
0.4664382945253561
0.1109668172812144
1.3922275368525425
0.24080383256753632
0.14489405440853087
0.29736445707688886
0.13993750764872365
0.12182063859823614
0.9651940139724628
0.15443748861364642
0.8663765603033065
0.06417989143953981
1.6396457728329463
0.10963034985389503
0.28179238510629745
1.6267855049132467
0.40503661577157646
1.640339755535907
0.17166992596283856
0.0842758427148789
0.08772907106454389
0.06818722891953782
0.30843026749980235
0.30322327192104415
1.5091371202528743
0.14192760274584654
1.4751373583814797
0.5034534054131582
0.10729578344068809
0.12060376750816662
0.11210557561773277
0.1951072245814549
0.10748802585662334
0.11162653739844493
0.09765227206103452
1.3595741778269326
1.6372445642851763
1.3945646124201458
0.2534770674106599
0.08249493147182937
0.10738698044722184
0.24491449994102676
0.34871457658345145
0.1251671923640357
0.7896635267153698
1.2873734930797325
0.14807047708532783
0.2690260175167586
0.1602120014156188
0.30729181132354455
0.42475315549074155
0.11230037543911689
0.24329486110938506
0.29530618367804734
0.9556327431532154
0.19804988921833133
1.6203636327341744
0.06808746974563273
1.4647450681801744
0.08549808119690946
0.2991191955629743
0.10736879239179924
0.1298979237256609
1.1827194228029967
0.9588481746554063
1.6408312435926433
1.5170333079996952
0.10764742690281509
0.0620828685746327
0.15793410097960908
0.748835861463364
0.23202453711911653
0.37288561241603646
1.2644375923526083
0.11118669692863374
0.22325165880535813
0.6528132691349582
0.10755330368617479
0.1510704175593311
0.16660914551907063
0.09768035124556582
0.1747435040878343
0.21938683389114183
0.06450574817566668
0.1073128744262092
0.11920141918580256
0.2201845507997781
1.6244985031092483
0.11267021187686846
0.17156618078487496
0.1995335766474156
0.2558918409080674
0.2428213956402257
1.1128122049968485
1.4183416293502074
0.11926368895374914
1.6136471182372305
0.10787783972371394
0.22635847975224704
0.2974136710949972
0.06010177351510325
1.4507945083226135
1.511487520333361
1.6380985493675075
0.10887325741273857
0.12286891126823651
0.1548802148700386
0.2750245071879583
0.6660122450956709
0.23415815885431357
0.2715347342135881
1.6265978193700135
0.1599683154241927
1.6351021527176366
1.2100108814740431
0.06140353598994932
0.30842520253951355
0.44003281221587565
0.39276276803605437
1.3204662874920605
0.2349681035053744
0.20697803160123462
0.08315320803662998
0.6940360735928577
0.18655269980056277
0.11613384462280556
1.1174234942363683
0.07255419558957446
0.16102024412086285
1.1762200863847934
1.0506263499309152
1.6373078808242139
0.4562842309931238
1.5873068651289977
0.10777888465048266
0.2686324633493523
0.19096641274114845
1.4594616501856394
1.4715109428612945
0.14699084343897212
0.25224805958636765
0.12296580999903624
1.5761093790775678
0.09519512738429978
0.08101267844321641
0.10953115254328202
0.16460180548233927
0.11435823063729048
1.632653145315722
0.21652242041919156
0.21143370767282765
0.2683908609254299
0.4110825964024592
0.30844813426712825
0.21352178117874843
1.6407920683082153
0.12394279986692874
0.12453813930703467
1.6043792187994939
0.19253638151445812
0.1390034077027586
1.0824729796852204
0.5119743917096256
1.325125312612757
0.30935371244738247
0.10800910840123859
0.07799024826184392
0.15319903353940673
0.3345387300260712
0.1244825943936347
0.3565253980485056
0.10816403769034777
0.06204512566352853
0.060014675049099186
0.11032224232430396
0.168161655381718
1.536291884963035
1.6036562034856785
1.6286611873692292
1.6314531024673937
0.4945333514272676
0.19094168225676805
0.10747250956997878
0.1174210831725698
0.13833941319394272
0.23713194264710052
0.10053821009213645
1.4327551853848846
0.2545192130466387
0.1749081780706401
0.19154149071567836
0.28898850480666655
1.5855813844680693
1.5200019399474982
0.11213589692104664
1.5628698471382045
0.294216703462948
0.2306203765686577
0.4054521887331298
0.32476818270642477
1.5615284869989072
0.06206347448418584
0.10773229535010515
0.293738929477323
0.9784490174886913
1.6346359701854805
0.5767154176390952
0.14462708930866983
1.0552233293528928
0.2822921346916005
0.1444212197996918
0.14300486110174188
1.5425788383254142
1.1607432403483167
0.35594694806080207
0.17996993386891003
0.12706394012757422
1.404434088995149
0.3012322545558339
0.12860451414363913
0.5993807335801233
0.6266892902396444
0.5223686594629822
0.06107924757750795
1.1149705760818005
0.30221892786781046
0.6752012916544017
0.06101975486066703
0.45618235049545425
1.1204257699305311
0.06565422740466867
0.16348339007706864
1.63598434728313
0.06341626712100187
1.614311265330508
0.25268809140786597
0.097541824880922
0.16790339283374683
0.06817974616156057
0.06225304369168645
0.07549679234082701
0.11234163042663425
1.1645197985423321
1.567558794320537
0.24845026232016232
0.2742016210227308
1.450270526036448
0.4092194919106786
0.8152752926978856
0.16807597298711657
0.13645266663827682
1.5191679742822326
1.5761533505550727
1.6325465714280212
0.6289482545935605
0.16037553701770116
1.0275022927269006
0.04105946616204479
0.11064758087330975
0.17306524032510334
0.3020210847476129
1.3623615636019242
0.30749609764772184
0.17271493736487753
0.1334556140215835
0.3016677569251126
1.3666725289963746
0.09262904900403275
0.14854424611194428
0.27389635143810315
0.2647215926695921
0.13843009801821332
0.1414849535092465
0.614148399957892
0.13225504878918823
0.3062557013519427
0.14547051886375872
0.6265479689983671
0.2663768805950733
0.3075366871449809
0.1802873799383941
1.5063442107173972
0.16693206922490356
0.30336266440036924
1.5119665993274543
0.6016582630157634
1.2529485852633937
1.3977529083786067
1.0402674779555237
0.07106766116566307
0.2320536219575331
1.6288278880093325
0.2293395873647622
0.10727141955400796
1.6368864437279231
0.12543762824745353
0.09008929906778315
0.2030696576441442
0.29818404522651565
0.10814863252136128
0.10796616159692397
1.4974737756018133
0.12584679811543897
0.2879705980803148
0.2862293388625379
0.5895938929629114
0.1295661475869881
0.2243470698323869
0.1666285355174823
1.5972039804857117
0.06012036815321217
0.2849415972617132
1.6292660825358851
0.30492209945767407
0.06051521121591617
1.3110550998745323
0.11356222453952597
0.40675323608227376
0.5545299090169582
0.18261092827624992
0.1488225843975141
0.30673815669089166
1.5260458907503422
0.06166394285508386
0.10772331205842305
0.7272442757147318
0.7943523868734816
0.1567985087405916
0.16636585231579074
0.10730255262913882
1.1471934123187313
0.11256614574732676
0.1090889132937612
0.12115231083366187
1.4042041483823007
1.28199355967479
1.0777392255706197
1.0616276223370273
0.07170478947519969
0.6783273822765129
0.10758558545115544
0.17732482465800647
0.21980089175309103
0.3084873174867426
0.26054440243344856
0.3850708612336351
0.114069510479481
0.303469321124154
1.6365386056870386
0.14668527693194272
1.5303847900031404
0.7100004224184929
1.3587479270466518
0.11418826995367043
0.9909140593446971
0.10727621697646765
0.1545320468009015
1.0353031477618
0.37474587621769195
0.15407904399918138
0.20450674745260883
0.08234244495432856
0.263684082616911
0.3647147519479246
0.6943069294274333
0.08820078170415446
0.2745516552399482
0.1242279246414418
0.12763922508598263
1.6354322759628455
0.22980785176142776
0.2031314485287912
0.27586040397123657
0.11662944715353699
0.1283032711343025
1.5690269861754524
0.8404569584163883
0.0850220986315842
0.11399265473945325
1.0831355360278692
0.25114263456350416
0.3073303978562709
0.19351644664058726
0.29404421984015167
1.6395759391078093
0.1175222534102629
0.12025996439007702
0.13559279836203347
0.06910112928248835
0.15919921898889844
1.5222204073928953
1.5710993831934914
0.2839238926907217
0.990285166427733
1.6098139462540861
0.1131893088170339
0.0735260249109318
0.10761027025281136
0.2977243758117687
0.060028474627393004
0.14398676934597462
0.1472881912105492
0.10786540585228496
1.6265543909346407
0.33485016500802783
0.33881496625509033
0.18113295143346014
0.10842347375961278
1.6252159578012284
1.1647691078894222
0.2978076814220705
0.20619712063431445
0.25590153304984165
0.10762787346794542
0.11742545254534653
0.0928414137955927
0.8345381435067225
0.12638797850839756
0.5930535614373611
0.23611270807015816
0.3301976435298585
0.2933286843843407
1.5663013415366627
0.11027194670020599
0.2837805211993688
0.15585305045864714
0.38957631982535823
0.17269472137662734
0.2578370263097256
1.6057731897631036
0.2170252172173674
0.5957536153242149
1.234193678890776
0.22097372098881354
0.061610030912546514
0.10916080183204843
0.14323798340367902
0.5226214024807987
0.06109852595517657
0.06460580593356487
0.9978074776748446
0.30747572624611386
0.11099578132962715
0.171676454708234
1.5691014800863168
1.416651499016432
1.6135954465529012
0.11154524597950494
0.26303096852121044
1.2573850084784592
0.11437048929458382
0.14006255696388
0.3236940464541913
0.14258945299071266
0.19317721204968413
0.15519055115537153
0.06009900190716441
0.061216522820857835
0.2656631254209308
0.13066146789227068
0.28739530868725316
0.12304252137893935
1.4598177541580077
0.11594293795586849
0.23558726257197043
0.11357149746417344
0.23588796687576097
1.5927115878495708
0.12501423617828755
0.1480780717508928
0.1777096999644785
0.20037619837711906
0.5888389081075374
0.14866461151422497
0.1451323128559562
0.13757385127116617
0.10880372900372412
0.15465998980263335
0.11126832785952659
0.2612451874297633
0.1386996783622332
0.23905453784612118
1.432720040057915
1.2210735256326402
0.11278077583992382
0.3997298589376165
0.30275523499171497
1.6057638641846843
0.2329055271496246
0.21018833481987803
0.2128975817459598
0.10740497819553943
0.10863910539250973
0.2884001275968512
0.21572633172411512
0.15039909573642374
0.18048668209427327
0.061051833933667345
1.1965646905554608
0.16967323218750036
0.26661101292701295
1.2891850082275926
0.30777766156160113
1.4899786753878632
1.5529016432627873
0.11879065953583617
1.6076403113343734
0.1529707803060151
0.6729801955600139
0.9750970991063129
0.11315733537447453
1.4707515924344567
0.11742577268269755
1.6408514613645253
0.29443731588838934
1.0106709430401413
0.11981904444963679
1.1485108951200076
1.5378482868703776
0.293674500166544
0.12276862354101965
0.11115499196541573
