1.603415401971426
0.19493867336802723
0.09673140226033813
0.09541635668753301
0.35628153416281305
0.3546574360745425
0.24664990970767167
1.6699225416400056
0.11093463545023192
0.12960426414251663
1.698569298277104
0.10971272141689681
0.11785911820625616
0.2646072913127443
0.21807013660961688
0.14647780164500848
0.8001067269927937
0.15194758962946903
1.3207085932362346
1.5209745860835333
1.7193024155107608
1.7121853071978408
0.2409436564339295
0.21039726258053149
0.8642479423393641
0.16792502167038878
0.0958994657066329
0.2948570979650956
1.719345165797432
0.3294944495791886
0.2643655355765544
0.23261148055643333
1.0521514758513604
0.8009435659891568
0.15167775044992485
0.12147821559309008
1.4438550217435968
0.13474728702271666
0.14272728486113062
0.09632728287423808
0.5336005701543327
0.31926640611177604
0.13688289770931134
0.2649629978353252
0.16159610640453442
0.47671203679272156
1.663682157861967
1.6587571695529726
0.4641435928227343
1.721668102330311
1.6227951453143068
0.11257195641587492
0.3118188717957079
0.4321227380749799
0.24023569771317405
0.16467273488833445
0.20846352870454715
1.4954493732620509
0.2621540189048933
0.3519849150370412
0.11958016142328073
0.13591554760997127
1.6809923925708388
1.052661766446887
0.09722169237215267
0.17485708262311972
0.3453468448963818
0.11590073494947548
0.24986235387309483
0.2554927797071306
0.2638269951799117
0.1102051938019853
0.14048006680078748
0.352542413129628
1.3761953283359434
0.31580923143050577
0.2354556846951829
0.19729610587163526
0.5574346176209524
0.1923493744651287
0.1299514156809993
1.7181696588317457
1.5316604222123087
0.3526121469799175
0.3581118527042084
0.11067807537869703
0.5153413977152652
0.2327064674024436
0.21455006929296935
0.25298150380799767
0.14208147407843694
0.6374076946254061
0.1257784251343601
0.22687628553014466
0.139672779844271
0.26484057545825834
0.1660112395472681
0.14481315061752834
0.9455819068514205
0.3362472438777221
0.11871465996928171
0.11354311606818306
0.11283960210639046
0.26499048053577934
0.1625868379671473
0.13387694259798116
0.14696680703786896
0.10785799180567988
0.20548764853139442
0.11054103214472338
0.1962348748857501
0.2579026418705326
0.12487010807447047
0.23029602381875672
0.11239258879619426
0.11651279069103726
0.11773928432708641
0.1546678567600704
0.2342345595114686
0.17201379223561514
0.20297416433468785
0.35292345649314616
0.1987168381921549
1.0427990195430827
0.17805842936514332
0.2780886364448871
0.11949961100412274
0.2533197621155133
0.3094196856887109
0.2550792111507717
0.2574582628984544
0.26496964703299103
0.23173508200863568
0.17178076612994336
1.7095874933193311
0.09757554267854739
0.24936838371950512
0.11129180066278369
0.08701443590123038
0.23311001953305624
0.356390143426333
0.20428186208016713
0.16396831848217217
0.3304635043565079
1.7217743544960036
1.6908660979289736
0.2650251737100082
0.2182805492570688
0.1606972631255889
0.26267285608173474
0.1266967274564253
0.13762882908839372
0.15466489018464133
0.08514240136654548
0.12872107712302122
0.10807509975160612
0.24088841121967172
0.2239389230461586
0.3248109219557546
1.718215725917538
0.1259394104754346
0.5703912035171816
0.1626804231973858
0.08956023465494582
0.09624575212006663
0.7703981893197375
0.20399118883545825
0.10026620839198427
0.37092396761183277
0.15843863637067168
0.4940503726695936
0.17788666189809166
0.15412535571085867
0.2650183589574697
0.20415599060035897
0.08384436976944787
0.2644282409256466
0.11187507502543345
1.7216057576738146
1.6819446029600948
0.13178706108110536
0.26404405353844324
1.1629784717895268
1.716512588190537
1.3228662119689545
0.1619152372590441
0.11332464376686154
1.640242037680511
0.3380797860371427
1.6440221289867087
0.2067169525561286
0.1673310278506795
1.4065933526594017
0.867848528672914
0.2729761732572238
1.699251999120005
0.2604264904282464
0.08438224642918599
0.08424847744664711
0.11113696649069318
0.794075540749197
1.665411643488049
0.24201664275157025
0.2612196220041304
0.2592885331660523
0.6939021397294947
0.0852856524589731
0.15314222461351984
1.5473421213077971
0.12245878933383272
0.26587524398819173
0.24299521082867875
0.11952596042763289
0.12905419994979223
0.1113294349736075
0.2788947401510613
1.6186902470619735
1.7221147987880772
0.11160235238499334
0.2649688266461322
0.24903419172732127
0.10092102913790514
0.35146432021493995
0.4945732013483628
0.35926796344765033
0.2822505186423465
0.5810837231554931
0.10125825157292975
0.12367581852166241
1.4031121617187412
0.08436773882356086
0.10545937041558373
0.2240223451256188
0.25992158431557044
0.26077991547482304
0.3194280391828176
0.13807945843215214
0.2598179423091541
0.26034216762040796
0.7406527103041094
0.08963787265627071
0.2627029235845708
1.717925415338164
0.26089979729046775
0.1666268805417514
0.09967662384761589
0.23158477840683173
0.1362417766235492
0.08401876878901723
0.2644365648681871
1.715234917962026
0.655256549825636
0.3406045896667913
0.29980710518723186
0.9149270058915544
0.45136946151916957
0.11820762389039152
0.09164098341924122
1.7100222361368094
0.18095045382770092
0.15280490990427362
0.2649941438781586
1.722165338023829
0.2242760648047893
0.8091102960133396
0.12424811926460966
0.11503399071831841
0.21247230433891912
0.2072781785660967
0.18871176920043745
0.8284278019024107
0.2647461765442266
0.08730643625569146
1.6569619423411255
0.12167585690034535
0.4200919514699175
1.714192301436091
0.3458242230540298
0.1129348588828128
1.2180123603032438
0.25975832493864515
0.4806120001686893
0.2983196131134624
0.2187007371251451
0.1098811990739786
0.26397461283561485
0.09798875193060494
0.9705025100042821
1.2877087049164877
0.35599421709975954
1.415693891910394
0.11961131826045593
0.23784062709012377
0.22362179877787164
0.26469577833635183
0.0922493144995889
1.5381788249059785
0.8690831025671086
0.14625120671857716
1.5614627992038033
0.26498268109350775
0.1874312850313044
0.2567769693779479
0.29211674901497864
0.2644160440271708
1.7187734795942489
0.21723898086355883
1.722011841016286
0.21651074813579071
0.19424659335620476
0.10766847011403399
0.15292398557331438
0.24075523784604558
0.13910888355022397
1.6536953268997914
0.15075283948783505
1.6793856643505283
0.23564410126727792
0.254073106632305
0.12132087324070322
1.1200462179191102
0.12867997076822832
0.27182523214570053
0.8772965866546112
0.33365969167437254
1.7087535760258612
0.24548189968711548
0.08949992602912032
0.12124644007706259
0.24932033310013196
0.16164637892410622
0.18711925954352693
0.11070696940860003
0.11431608404629064
0.2649844866061254
1.687572162151188
0.23707079358567165
0.22877743897999958
1.6830690469140652
0.2591276860334142
0.2705978129038702
0.20173434452857375
0.23173516472375721
1.720923556735393
1.2828843720831165
1.71313811216228
0.518065856443926
0.09251685091208534
0.15476616387446546
0.7113787949859249
0.2529706161753047
0.479700583576206
0.10959579679935524
1.7152998013916334
0.14701862888728748
1.1636802765504841
0.35733223838543815
0.2574274731386693
0.09703372175155076
1.6520298635058643
1.7214012422503915
0.16665259046583597
0.2642109982299936
0.4094985763394308
0.3506603141089881
0.7308023509680835
1.7107651703544282
0.08384431083078361
0.3689144946929471
1.6107035090925477
0.3140347889112658
0.12393338226454612
0.11789364877507391
0.23257208118522263
0.30053762855823984
1.4782868974525585
0.11231808353654668
0.22022049317622447
1.7218728235041076
0.6458561998421796
0.11981379284257995
0.35819433991081484
0.17887609018924105
0.696907334903373
0.3444508507080887
0.10266309680409169
1.7219517762206125
0.11378516258107937
1.7174535644470748
1.663821204674809
0.39047855282152455
0.11179680283131635
1.345838378775583
0.17159164796038967
0.2878117390251475
1.7009460357327573
0.10287014402326604
0.11022504403959388
1.7219980380875968
0.1641528317460601
0.2025802934011016
0.20878975412178175
0.36116357667572524
0.7638665810665446
0.08403540573508936
0.5609667057383586
0.11763563917562084
0.13809381189913278
0.19015478020956317
0.19845752644309844
0.2756864725199719
1.4625309193423464
1.722200511152657
0.18099506562163956
0.09959846983066678
0.3563196059259617
0.10795798150128869
0.19400558431534964
1.70689454297667
0.08726017794857291
0.0838244039533946
0.48278278959980647
1.5734704988313148
1.0152549556903705
1.7121828218835935
0.25137136812706995
0.2473146189541969
1.6570061301067223
0.14596010144394783
0.12092868357326339
0.0952434597976467
0.3580368843996615
0.3528659806557041
1.5771051792551571
0.1329956228463405
0.26084378805565445
0.23111454149438798
0.2644257118721632
0.26484905238392425
1.1658630925707192
0.11369339878310983
0.6624505589811858
0.7349195913551423
0.3545923348260064
0.11389011876972052
0.26492356103378334
0.11923898258692855
0.2633693250447743
0.2027661267657717
0.2644601577368266
0.3527842417409822
0.2648285723575196
0.10581847405801229
0.300756639566279
0.14132372568986462
0.08415843178991608
1.2898229741876985
0.13938551507711527
1.7193281413736503
0.1821519928101477
0.08654633473451574
0.17529410331074674
0.1666994873292778
0.08870293386397994
0.3527268161181901
0.122443386802538
0.1762077733586978
0.11286576299128667
0.5137758462135519
1.4036662322849773
1.4634321263930559
