0.16314237197923548
0.3323290878074924
0.10721348558636472
0.14692881453220186
0.0847700387193229
0.18117279467156272
0.2930764006375538
1.5938161848861772
0.0996451580605104
0.3075370989613838
1.6398508473464422
0.28973935852487764
0.19825363437267174
0.47927380477620235
0.36608742045414444
0.13390409016991228
0.08374954092448561
0.33701841005025795
0.11304026668492981
0.14099935756968868
0.3675641378245762
0.2842345297070707
0.09398748921229817
0.11818369475602047
1.5714887214467614
0.18517145756472464
0.10196296760648857
0.5899313178739747
0.11619588269161271
1.6952908469463255
0.09988623415632308
1.2760064934496556
1.71047804313049
0.5854925655983604
0.13667141302640284
1.6923033596182175
1.6707860947033564
0.10773889514076729
0.2039212197355529
0.08187834459120485
0.8348355168161391
0.1360774051195544
0.10784771776520935
0.18836553219679003
0.685286392903804
0.28289868180216393
0.11196676627493234
0.2698129786511301
0.16097261546529018
1.614021612553298
0.10106202857869942
0.44967892040851515
0.5925305111998529
0.16598994761379027
0.13063813736428634
1.4757086698840547
0.24555237572524005
0.13927563170888985
0.0837113160330267
0.1854960166466847
0.2659701569469602
0.37497940542489233
1.2559968775719246
0.08230108766756175
1.525173524296038
0.6205744153257187
0.3006130464417205
0.6213809362688232
0.6158237388612061
0.28811374962021197
0.28014231474188866
0.12973498520036564
0.09293428435979462
0.10085768696956367
1.6786270413692104
0.0997964556457569
1.6224390521840144
0.7502780276772645
0.44673739885231456
0.4358994833385166
0.1797519791057674
0.10070223287758892
1.0180912362063053
1.2384565269207637
0.31231626421646186
1.375897218067737
0.17942708143332398
0.11848595424473374
0.5025457634728786
0.368112767780083
0.10161305776106928
0.36502139931727007
1.6619317829980507
0.18780098779164667
1.5268472367960504
1.7090413210200321
0.18015046254941725
1.1300797119222672
0.34205527206733666
0.10281025036269492
0.1223041386620824
0.10448465327879128
0.6666853338391884
0.4902339012853487
0.2107161121396638
1.2457470535442523
0.21420103336618992
0.08858260402344963
0.8685260423752341
1.2465304970392261
0.23849595785619848
0.24846126392708612
1.7047816403679144
0.17261662060238248
0.9217296791890313
0.09966288112162355
0.30606276261119614
0.11384970820622367
0.5910661616954314
1.1398067711955424
0.5703916671235474
0.6911742656249257
0.23844779349125234
0.3355939737317527
0.20552057963478743
0.37850168440279386
1.7307557650541538
0.6006880010486719
0.4635011679073663
0.22816656640989935
1.7209087022294423
0.5918130139819101
0.5928800532499585
0.1008738090066463
0.34043582478093015
1.087846723535789
0.10160175270764268
1.6990984998180196
0.3921277250672556
0.10213799471413836
0.8723537519222293
0.2761213018014438
0.10060746894509426
0.5789884464951041
1.3422446701077253
0.600527231984676
0.15167879552211425
0.27771358577548677
0.1557337323328315
0.26836852440961634
0.10335545039117307
0.3736317839409552
1.3038356239730886
0.21948627949859945
0.380507451071896
0.3654746867708087
1.1555240361046248
0.1273580719173435
1.6945606130735453
0.1581804137190741
0.8857639293233368
0.5368505140287491
0.11591666297590603
1.2658703726653378
0.10756806362607638
1.3728027144449095
0.1556451657143621
0.1630392451979668
0.2024844477630256
0.5230103282827916
0.11127037633427954
0.107526325152275
0.24696343729113887
0.13664929043803262
0.41057364826143233
0.08198853704324884
0.138328023323766
0.31725284306415824
0.08246423492169
1.6866412767175136
0.10457192487537606
0.17290534005765926
0.18733667945142693
0.2564520135977194
0.1064787013317329
0.47389414201233787
0.21753732698939404
0.6201553791355918
1.5244462337760858
0.1806638209329961
0.49271003613653636
0.26558873142366596
0.10410579070273993
0.39370862669064666
0.08194709122346758
0.11467349065542641
1.1958029348064678
0.5713405057961045
0.13996214282309297
1.6608884667892405
0.11429102625522515
0.19595480194127568
0.10061817750946925
0.13485773237304838
0.687073294901762
1.7307604590763963
0.24818153591928785
0.6523386343868611
0.19198025166838695
0.8577928132742232
0.1007721272664876
1.7306134248341354
0.58127828040642
0.19395828289706302
0.2727050243636349
0.2010474467104223
1.5556246128337443
0.2456874911668932
0.23422930312422777
0.11585080992983689
0.42299002001043157
0.09562632346810226
0.08832811902859045
0.10530929699847039
0.2361008670334572
0.8467429658598669
0.1778455097662598
0.6172771110959083
0.1084355673304411
1.567870407241926
0.3812173289792744
0.15380261832258435
0.10812860065327605
0.11943531546118806
0.2544153869230547
0.0849138704298133
0.12060167395834762
0.15231321604510611
0.11096351156907551
0.12305295288726273
0.08248162513643381
1.4406844663180451
0.32912616608149736
1.726459844057906
0.18175996462740396
0.09827175163844569
0.0818106383185262
0.10067102355303473
0.47346317256374976
1.170118597620309
1.162030798190418
0.21673879740527052
0.5432920727350339
0.15144997448041797
0.13048305829709017
0.4891967180707121
0.16848311478810524
0.27004982286125695
1.7290447976668535
0.10411020480696853
0.23655943584803427
0.30625374617630174
0.1713890643522903
0.29346461542818947
0.697203956874515
0.6215234732228165
0.10542403789496266
0.3985508159501773
0.5752932815455065
1.6657401429075134
0.13610712365801042
0.10465379532988502
1.6570236015686581
0.12066634157422376
0.11157196650118789
0.11075902853120652
0.12428079193637913
0.09968989495807751
0.0999045100561841
0.15844815016030764
0.6005096824441609
0.47091262273550616
0.9986926429638251
0.11218392215323883
0.140438402928398
0.08570092658403905
1.6728426873338744
1.7182225088951215
0.31864646811748304
0.5698348715926623
1.6988881294269245
0.11236343330289575
0.10243126970134453
0.38773848672494193
0.1258548784679539
1.1673365504274638
0.6721683908622004
0.20804182424973905
0.16894744310143933
0.1947191293545793
0.14772384820017986
1.57485525484029
0.14716461663413327
0.1764576381006887
0.24768546673410213
0.10257124374510854
0.12780012285268016
0.08391315539647326
0.617499414645112
0.08768581130801051
0.9988351146081499
0.24683593005917437
0.15840641424287513
0.10617603714074803
0.10202381786570226
0.15076779771957433
0.08217965485218999
0.08250242980825212
1.4439973387776115
0.31266978553543395
0.4196285238202835
0.1605622987488166
0.571415790876289
0.08218888762182444
0.5426791243971528
0.45076365187924516
0.1516447924810005
0.5100537081406356
0.08981862432632433
0.1282333865990487
0.133958630234783
0.08766433860604922
0.1133297882199899
1.1202461466886862
0.7560248462957974
0.21147435353089544
0.20719703735667666
0.13947986587677738
0.16373142440471533
0.11735167294758739
0.08321744735604952
0.7398193358664429
0.10155864168084858
0.13050085733026598
0.10152837545759888
1.6627225938855175
0.2794169618972531
1.2144186851219316
0.8232631934595293
0.3756220941721401
0.38579820283970323
1.696106947445558
0.08551544990801432
0.11522705693946135
1.014089398853315
0.1319037607238493
0.09861181209623901
0.12044148275247864
0.29397935198311165
0.227404969797206
0.3849101267253927
0.10554779164072595
0.5480394322133129
0.47965432924595025
0.14165795334029585
0.12011466597805054
0.09491667400488461
0.4165514608442057
0.08240504954360878
1.6340229299325872
1.5355714440179664
0.45774700827884973
0.10047557173963247
1.6800288105172152
0.08458285476144936
0.10482767644798226
1.6783120407694896
0.10569077923613451
0.26817418522961733
1.4711193923216621
1.0591842946771433
0.10979030388093386
0.23729342111706472
0.1747714826887359
0.08505696059177409
0.10928108141772457
0.11686880854247823
0.4913430642908571
0.08202454358637282
0.10992671961387937
0.14889124441077167
0.11422833910695271
0.41272468961029013
0.10049866513190431
0.08471327133636422
0.1598863974773546
0.2467575977529442
0.125178302703947
1.5796171510136667
0.23328505754109796
0.08686479550378745
0.8753195572573051
0.23944811378648606
0.42214870267834226
0.1522817509549131
1.412203104021437
0.2632738832613768
0.4225434215406171
0.08768728536078926
1.730764973869567
0.1208598567125263
1.6033822700599842
0.0817775605501495
1.610100113133675
0.6655405382160313
0.3803843164880575
0.3956466495504171
0.11437244344180628
0.10229754581159106
0.10206890558822972
0.1098569827881272
0.39100666222878233
1.7271224326090755
1.6739558727360873
0.08444338145326136
1.716466317564501
0.3008805888897584
1.7302761861749238
0.12407888846081769
0.2916304527379512
0.3949795780697928
1.6498480623756389
0.11762485419118604
0.12789155481944636
0.12180089929279367
0.14854475190051142
0.16012073120915252
0.2630957811684922
0.38760855575797903
0.10556086179594332
0.752804699713432
0.5342184113884061
0.15362142898338038
0.1368213143754604
0.4136480772355684
1.674680144329143
0.1672206112494113
0.10779276143141779
0.4923027549584159
0.18262740568518876
1.0255390789756826
0.3761515317552492
1.074996220537571
0.2928017661935225
1.0805322146122582
0.18060499162246285
0.1135977276901039
0.6214847919522248
0.13012225815895645
0.2754519858954706
0.2566562177385106
0.10782604516155418
0.13906805978649867
0.10047523781530453
0.08293742487581054
1.5969930536854484
0.36117533051134443
0.18062110526569228
0.20774431954871173
0.1663671580682728
1.6171255658109012
0.12274221751565398
0.3101818536101509
1.3237508045912925
0.18774306284618247
0.6686486115353751
0.1442224438943184
1.5398079126500754
1.6911975971838178
0.5001625129669809
0.18894798388926853
0.24214066726077765
0.10003099575725241
0.11892197896143863
1.5120738189096674
0.49055879620713305
0.4376138139851227
0.08818577499694767
0.11528083722881632
0.16556198518395304
0.20725206833336896
0.11193561518120587
1.0113711619205135
0.1735354465713176
1.1356862924755968
0.6200927924169999
0.40205212056694195
0.5930549028513217
0.16422324683741715
1.6803835238774596
0.5587291683759139
0.573674050672031
