0.1407278751249391
0.1652528145721644
0.5026332209188505
1.4599368053989377
0.1920796259491544
1.473102963355061
0.3868246843322004
1.624170503378815
0.36205559309339175
0.3659209096510549
1.6537012136392562
0.09206894303206699
0.1303330230797992
0.7966170063571677
0.1037658168267615
1.6417865664990816
0.14021249408044875
1.6527359206365373
0.3763953903477546
0.31927003491674577
1.6631826580997908
0.11623740570906707
0.20577987308675222
0.21084089008773516
0.09098475838038131
0.1756202222071927
0.2389819256984422
1.3982028227936083
0.15335576464268774
0.19591886065113978
0.18097783511153798
0.21747028174710203
0.09718098929417904
0.2394085309206997
1.4102320881933146
0.21062427784894505
0.21097366737228646
0.11425674216042109
0.11211583844427894
1.1403643388402764
0.7856215003161295
0.2093058682985886
0.1965586927872257
0.1140738509057737
0.26656234240351406
0.11553454526864375
0.1389491320670804
1.658233634511117
1.6659810888479383
0.15049657686474063
0.5183359065997812
0.14852755497844877
1.4249817797417883
0.21097746352468782
0.621058440170625
0.27589656586990285
0.21092484978808204
0.14352345592087423
0.2367460107450923
1.6497027805798194
0.18157082085932658
1.5925990040560802
0.1448742221238851
0.10975118274283324
0.10473105047973028
0.2247308479926287
0.23702557996200152
0.141655945727587
0.20328044645186022
0.7180703820840006
0.20240026055943777
0.15750610472181623
0.2343996272260537
0.16473203202515374
0.10723141022629015
1.6103012138185213
0.2646944386738904
0.11488012242773529
0.17843768330551155
0.17310879306068616
0.11176883012796325
0.12107070157455593
0.09701873162175334
0.1674891869927868
0.21096737682200797
0.0934075595836317
0.28731835722571974
1.6511966614040496
0.11229523360445112
0.45747383208332637
0.10730394439876978
0.09267727314508284
1.6567813861745018
0.19131545880700812
0.16419778705786067
0.2029794267756417
0.2102418846376613
0.1060746741849652
0.09242522531092441
0.1798339743473925
0.09055704236946038
1.1911273445276076
0.12347686169452995
0.1068322534695138
0.11002352857755857
0.0917244440812333
1.5457564677086282
0.11700700528529065
1.637499044291363
0.1838860674969011
0.3358071948181027
0.10302961136345483
0.9112262499698152
0.14045559305159633
1.3825587896354148
1.6630734398817708
0.10553206815042446
1.4084591047284332
1.2598269336878478
0.12766308839933424
0.2083198080643244
0.5873959005436521
1.4459992030727735
0.29351961690174433
0.18183691749814135
0.18523258735236264
0.23240179845427525
0.20936582019029867
0.1042526944215367
0.20652514653550333
0.09737180646348187
0.09419189752481791
0.47651819065248047
0.14575127980596375
0.1049047889052089
0.4896759700919479
0.6842620754984623
0.22001514973395142
1.2932248828308848
0.11590626367986859
1.4566461935012966
1.2987027093705221
1.1371217569289271
0.8161184907613732
0.20113879502839238
0.19590810399353764
0.22566539076569664
0.12588413040965213
0.32913720809168934
0.22440583314937498
1.6652488338500393
0.20024947319994552
0.10478220466087065
1.645751960784398
0.12800662759092057
1.6645172785980242
0.2614153368591001
1.2752753859236148
0.14466048946463156
0.09610387475296756
0.28791290653997037
0.18000056767520217
1.6535393567005738
0.20905661115376054
0.4090335198234135
0.10491682929775976
1.577433323090541
0.12605083772778353
0.26325694812092837
1.6529432679948588
1.5507710986580197
0.10623694097764363
0.10866507238648451
0.09324846240954615
0.1084352164930979
0.09366236403301251
0.113258385011246
1.5984969016452704
1.653765288415542
1.2602549498212885
0.16971923470082795
1.6624328148879082
0.24629116197238932
1.6348947981660302
0.1423065246711943
0.23653373276150982
0.11241377931885906
0.4438384558776248
0.16916266683841114
0.0912306358987558
0.7153458738307285
0.2722172005079143
0.18026637705045873
0.857675624892263
1.505636574993935
0.10409163698349944
0.10493739513335348
1.6650766628387614
0.10597618156843562
0.14338986614016325
0.13847093616971548
0.09499486744352481
0.18550244192963555
0.10506781982727101
0.2303176624137952
1.6283746763649267
0.16387989199726954
0.10161706616746605
0.09844833184373555
0.5912404642784279
0.8469130133173601
0.12414866311018433
0.13063981008508024
0.1647995296154494
0.3250908314597624
0.13351601862574
1.6561115197349863
1.664971814158565
0.14037019164095546
0.24685113225179256
0.15829124533088362
0.23567911684390896
0.17545332433646288
1.6133360865555586
0.3938371501432855
1.09605567174169
0.09251618393858935
0.09109416289672762
0.10475867364966251
0.1830365252541873
0.12327700812862272
0.12016809755889502
1.1991798777631635
0.23966484656882286
0.5850708914633256
0.3632819062430573
1.6565737165143406
1.6614889323088935
0.9879001254393791
0.6581540515618312
1.5852372357127567
0.14498264492543173
0.10176236805361134
0.172361412615116
1.62571206463489
1.3965234988178636
0.3696895123040761
0.216589286381674
1.1598415159933493
0.24753997933243832
1.2327156328816664
0.20571785469742176
0.1329366218991213
0.20288290849258978
0.1645663439427009
0.11899496009124108
0.20331285979744856
0.1534105753490383
0.7913098493675227
0.1981727424468876
0.12135783420888771
0.09920570538706477
1.5823568087297772
0.144308991015701
1.573512956014441
0.1286639275151449
0.1400242308902968
1.4927956555530177
1.6435897799774568
0.09174326161963935
1.44454316140697
0.20789887009388264
0.20157716254800317
1.6576809143550002
1.434693159408035
0.9049932834917898
0.4285991284880283
0.5910647802288296
0.12727688143233623
0.1541024198249632
0.16886605698459212
0.11450597491854171
0.30026200981462414
1.4823740267790884
0.11890377462016939
0.12670089066458062
0.27957670380932254
0.0966032583628936
0.09416364964954368
0.11298785527432442
0.13093323598655013
0.13860829861955482
0.2005868202848889
0.5888134114924306
0.12004617893527567
0.11194876994309674
0.10632938996831387
1.5928917788683572
0.1772493516317833
0.11940340161531426
1.0363729400347035
0.11446074686479915
0.11014491311514563
0.29151038534897433
0.10943829224451324
0.38475200932485104
0.20250476039999316
0.6450024090086635
0.10751347797215904
0.2109331316453299
0.18374306806194513
0.26831696715446374
0.5155369897290021
0.107918829380474
0.1634081147868931
0.09387054515031548
1.5640624825394873
0.1052234140047594
0.1062063167038266
0.16984076812551285
1.3378123321687507
1.2078427084524128
0.19241325424898298
1.544803528704067
0.3579716376456974
0.20289578740552355
0.3455790657666664
0.395993492176952
1.653067029435825
0.11232908306343961
0.17915927918433455
0.20080274776300472
1.5564856696981495
1.5959566748207745
0.27287607692316
1.6657544042220165
0.13067714246825568
0.09183958695661584
1.4913899862736835
0.1306528736289196
0.22680684363631204
1.6612880182441967
0.10990854812182912
0.12193275164976328
0.09462882380793958
0.11386268127313595
0.38137322087382364
0.09878221879479798
0.4114013190032264
0.2269821463830078
0.10500505696493433
0.10515843439916137
0.10756803576927701
0.8466185629088724
0.11709515648902086
0.11105505167547083
0.20749483165470375
1.4491149886304324
0.3067178075120971
0.2077071233933015
0.11021438553190077
0.18894440118137898
0.2053570817336015
0.8095142688674708
0.11765660874725106
0.11532398106165763
0.10578015294141599
0.11020856453548718
0.18607188914575884
0.17535850243230847
0.16640015839407668
0.17357761218818218
0.09175731960903741
1.588376536417861
0.10477935967983212
0.1117368453449532
0.1818890558788459
0.17971560029364952
0.8827775579093673
0.1703321374277713
1.6287567657551159
0.1203194500769206
0.24077200363284584
0.3649631013927206
0.20863317945192145
0.5606470773987368
0.0974946841489586
1.2239482677828568
0.14256814349230795
0.1474509173454715
1.286139375821811
0.11718200631440301
0.10023211498961104
0.7375101990005308
1.3979295608387985
1.5578244384425113
1.6438659421388433
0.9690816006986971
0.23238816446589172
0.2353099513493487
0.12146970502032009
0.10485434072412483
0.4657647127819019
0.10487476625806097
0.21090549143151965
0.12114759775256354
0.10587340390531585
0.1637339748184744
0.21740032401077528
0.09562223247536532
1.6567625738914495
0.09906277002012459
1.6650577140344864
1.62398492039079
0.48439632479555716
0.09300585666514224
0.09264720395113327
0.12923105529880213
0.21403316528001587
0.13652209047483238
0.13364685918455396
0.9897702708854448
1.6498474570897927
0.18830767539379956
1.658773308470292
0.19459812671818172
0.22627285763148614
0.15984541362161292
0.10642786608571117
0.6282051102883598
0.564637057518941
0.10143012514692455
1.1807122839283417
0.6945232284531048
1.5943507955226845
1.2939118682413802
0.14302054205090875
1.6145768848389717
0.1382283044691464
0.10290133196541523
1.4819289678425407
1.2285443779278533
0.11530662058896873
0.2482930937111963
0.09158284793473032
0.13852301579092793
1.6605158460103995
0.23948699001780294
0.33539172484180557
1.598587385227615
0.11536523627186146
1.1536559897100744
0.10954380585706922
0.11865509691049506
0.2036862913865594
0.10758278284619635
0.10673290317521479
0.23473807942121783
0.20439438522047804
1.5534395514549937
0.10272184882972044
0.17419677717127016
0.48004300840806313
0.13329250244664526
0.18240503595520413
0.2610850299449567
1.6445930156414605
1.5922139663452053
0.09628950144001713
0.0932866045473986
1.6549422771975895
1.5228280551705455
0.20287003110610047
0.5825521436439993
0.10044237964967825
1.6021329046121737
0.738239531860523
0.22208630323792344
1.6660431494325922
0.09128749419269774
0.09849062780236251
0.2582741878642061
1.6187843877406765
0.20502869008576605
1.0396973433684522
0.09057134796542171
0.10494091412178216
1.601512419119615
0.20664082054432398
0.12032115448678576
0.2014347145805513
0.09595633012002129
0.09076896069796189
0.09401770550745994
0.11548078804391287
1.6569418993028249
0.22060148754864006
0.679842512824323
0.12074931541137193
1.6353456522489644
0.21747659676397307
0.10238902056892697
0.19991323321383386
0.09843471499779297
0.430751206699286
0.1688766262689402
0.44373248260986664
1.0005983899821262
0.17643002754204468
0.1535313173814325
0.15565248055941958
1.620525934830801
0.09267963260941474
0.09431607570962564
0.1332237593379558
0.8334215610979021
0.1821074390746945
0.12609217537544787
0.09470317656749158
1.572072913368849
1.6172433730658762
0.09147343714961384
0.09462246443325381
