1.682267616142681
0.2128253680146885
1.4723162725238987
0.2724445458274286
1.6874580875060343
0.3254697683999667
1.6870040671257538
0.1128937817857403
0.12591766488664363
0.7750400631093567
1.6821483005600415
1.6872196946871885
1.2595185635725232
0.4300885944585373
1.7024771282858011
1.6814432198883074
0.5006378783801138
1.650170963082994
0.061537627314958196
0.8234829210089266
0.10997682831672345
0.11557704774493464
0.15731566619751164
0.3286820927216134
0.09527285817889569
0.11264421680999932
0.7260479812759417
0.26320956958145303
1.4496127043750775
0.15938908111389066
1.1919057809036135
1.1227195129260208
0.21434535982074548
0.13992205919842554
0.11146232929209601
1.7196774836214521
0.2853026326209679
0.20085631085262634
0.24871037649062133
0.25933520600689847
1.5714522101324384
1.714039700096286
1.4911507792172602
0.5348311662999652
0.48793817155959196
0.553204618429608
0.15307172345028008
0.17078441914302278
0.13323480108081243
0.20704655297240343
1.483069894077289
0.1644489382519784
1.7015251256757495
0.3303786775611458
1.7017323817281533
0.08252855074158072
1.5923460370513047
0.17286173375125471
1.6607300276904082
0.2848412496654381
0.2842510551930856
0.10292158948130706
0.9015543576623852
0.15602212048363343
0.10962432321458582
1.6948408561203696
0.3272510985022375
1.5657170222061694
1.7066414487471167
0.1494714069931649
1.7156645888996742
0.2570094386136302
0.29520912896805823
0.05683045981471074
0.1237807274139324
0.11303676857339175
1.7128263496290088
0.2388278273384185
0.27348498998966053
0.5345267861076562
0.1070475942666533
0.21131093932300363
0.47551527607614597
0.13737104980089687
0.2030033750845092
0.3249783136023048
0.3053950262804761
0.2428955527379868
0.2759433871330843
0.29858309800135896
0.4118214979292929
0.9110125292767381
0.13252720719906164
0.234786384943805
0.11040481819019168
1.3231082832684897
0.12511252490947164
0.2654086903354976
0.9217218141596194
0.17396918597310482
0.1271664797293794
1.6513595983681588
1.3756002865827721
0.20935987720027666
0.11942291977806399
0.12455026606853084
0.2590826615278746
1.6705064789093589
0.1109349340033671
1.268873010428046
0.2964205156255748
0.12451865902745138
0.17576857966828516
0.1455582056761998
0.27567330742692936
0.16476793268818246
0.3291377436908146
0.2605227937696475
0.1987325563490701
1.5729180891521182
0.3698459655264238
0.18149505672716998
1.6669142535861394
0.10690870437032673
0.10853663574431607
0.8850390410868404
0.1623130106261907
1.2916944305344367
0.11844113169454559
1.7136357719932143
1.6204042100993568
0.5330988003837998
1.6681248191851419
0.24102757129413382
0.25402160177083655
0.3202382318760567
0.16826341014987584
0.053294307905143556
0.6237780765681139
0.0960344602514295
0.14593659749724497
1.65427483776483
0.2620911725823756
0.09247418336001649
0.19051674864640936
0.22448978426421906
1.7140713983856752
0.2713505346025813
1.1084042825288218
0.12304234012256354
0.2715840421245821
0.0721975509381701
0.0708806629926951
0.11432852221646092
1.529614464046908
1.4642235801626926
0.15080362332875294
0.10809823634346764
0.4719912655982993
1.6823734763783404
0.5759262744607341
0.13218568243973006
1.6711954985109232
0.20459373769274403
1.6357907253768706
0.2516595413788316
0.10686099254358591
0.12292922726353428
0.13856706347841818
0.14087071586324884
1.2142228366812682
0.9553233604523541
0.11097066390654553
1.7195886609841655
0.10882076673812452
1.6500128159837861
1.7181064885059287
0.5090847869305022
1.4929060401044394
0.12532335498148028
0.11274297118801405
0.2570867683869025
0.05161423606487703
0.11643644598573274
1.6569385614596808
0.17681207396941
0.12995418119665825
0.1370455547792867
1.3644506582523426
1.412248492098494
0.35944885153873785
1.7197516599764104
1.7165874753386874
0.1329901485297165
0.11234261115797192
0.18751514990257478
0.1335502896198159
0.11135187964522383
0.30543276795822594
0.11043647131977585
1.4679705976171848
0.24885161975182618
1.691235189389291
0.1733022156482825
1.6488253170459986
0.42958998748789556
0.31856152911039726
1.717286243511249
0.30174912132499165
1.6849681409395978
0.1100446005223374
0.2281026232364089
1.102347421985223
0.12312344833844421
1.106626622091127
0.05141328304379648
0.20715584266657522
0.23409403593575623
0.0634870434855131
1.5851923099859355
0.2561326452503102
0.11052082319034416
1.7197257682601466
0.1425741784377299
0.13697939626806155
0.3172434516610112
1.6825807049937593
0.3044258573436285
1.5238530552840266
0.13432609327038453
1.1389351947544175
0.7393443668759988
0.13309428684010138
1.4829672433186498
0.3560763058414713
0.5810399015364088
1.5877890361718272
0.2285912982763495
0.15705826362576486
0.3848086819101191
0.4184713269017636
1.143150257818528
0.280497847289393
0.19208432615793938
0.3301722936632384
0.08874033328958433
0.418783357855434
0.3835301683649147
0.12993846140592208
0.22165147724274406
0.07345955898271274
0.10552183680750174
0.23635171948334543
0.16583992813878978
0.24806284099250236
0.2911193289968498
1.7187118235066694
1.7088648588228295
1.695224195821408
0.12781084187790018
0.1468485748325118
0.11885477713456902
0.26391043556450744
1.035037340785003
0.05172269982375956
0.09306531763035228
0.1518689293864821
1.7197594274608177
1.0813778645447327
0.0856427885389319
0.11629363597578549
1.0666807384628592
0.28719591112394394
0.2420948898947371
0.6157878797998327
0.30729477911260084
0.3870580882535407
0.22361590311481788
0.3085977684083576
0.10924631473337718
1.6775560205957714
0.15149069852492664
0.2871024550363577
0.31754706327791515
1.4448003089555592
0.19621943628581148
0.5126914186838443
0.11890244065972573
1.708895614277474
0.11451226384130296
1.7190372281505717
0.05237177425526815
0.25160401285423406
0.1662893765316822
0.10883482168823372
0.10991120292466072
0.12219874984760462
0.22272077502615792
0.3085776259086634
0.10684471642987364
0.17292562782747928
0.24022857009896575
0.24469520948418272
0.11017819445671437
0.06841017839104258
0.10713587382097386
0.4107944975862687
0.8791941832413848
1.409299750422547
0.28349480891880663
0.10053015341451003
0.12602202233704862
0.07029008122693828
0.13614249189213284
0.5630142455994471
0.491844395268863
0.12728629491281657
0.28358720260764764
0.4599728373853864
0.30120250386875214
0.11284715521083798
0.1299659732521577
0.6264837497131032
1.3380366877499554
0.18370204154591876
0.31166930403912474
0.19852441511000046
0.10802511143803067
0.17817704492318276
1.7157085612063778
0.9675132223578007
0.12705862088962838
0.1139140872987764
0.3302400617953244
0.11013114567978735
1.7066144383990887
0.1068925227436282
0.10766576053522828
0.08102050307563718
0.05649890975114697
1.51598563019731
0.06783524903141172
0.3081106471505135
0.15298434155786023
0.12151244155948962
0.13460491409654035
1.500514705430112
0.6209172150896247
0.7095982990682056
0.9058925171057074
0.3255560471039427
0.11343818575675665
0.2923307650694647
0.19143666190405295
0.17469037349845656
0.1693382479097389
0.33037012053142684
0.5692415545987048
0.27754536246560346
1.7008497096859283
0.17373406240056016
0.26731498103861784
0.14450076254431404
0.3045225541204434
0.5180679480395212
1.7197392437887054
0.11207161253321433
0.11683120274263283
0.18301266637948202
0.10944271712527381
0.227014565029185
0.3226253764265239
1.6997382929847409
0.20158270150567786
0.20324628273390166
0.20141748098329956
1.2427271689801778
0.13144600247316282
1.705880162748417
0.25446492111623853
0.16940424920188807
0.3020844281074708
0.1134864451065377
1.3595666726606914
1.7029633059606757
0.32445763943356354
1.6667486556977793
1.44157658266677
0.4804126607267858
0.11829442595292387
1.6983761725637687
0.06458346915136312
0.2750702438598297
0.28153110371971085
0.6379004692845723
1.7144393248244092
0.2692035171202839
1.6190351019707427
0.3251050082983471
1.670582231307391
1.5554819867110414
0.48253769945394953
0.24474662957681867
1.3019092171210147
0.2660523425626379
0.12053902565594359
0.3296261093596704
0.2820930310708302
1.50932831933065
0.1098844681337417
1.6645717263958797
0.21318798566072078
0.8563547411716974
1.6700782182332252
0.2786068453602651
0.3405329851973415
0.7495587057082572
0.1855460776397037
0.08978892636447597
0.9834761617199864
0.12614228638510788
0.1434296899868987
1.6590897388928552
1.3447156661527075
0.11400928701123486
0.18186387395528353
1.26464496913139
0.05129663824729068
1.6977260041057476
0.11004661620014615
0.30397661951652205
1.7197743487882853
0.062082713212624506
0.3113374837381436
0.3015144387130331
1.7150880734567737
0.124283858886249
0.12445344515530762
0.12366392374200261
0.12498317458765412
1.68118897939961
0.16064506223094085
0.14497920813556392
1.1195712824791806
0.3075027911026722
0.32525283274689265
0.22908204997559883
1.5075264015581737
0.11283126176777086
1.6912920452434261
0.13636007118961652
0.16469249087695303
0.16082324295951783
0.2639751298967159
1.4581590473051795
1.7168408323497073
0.1318045071652278
0.2952718810985142
0.11649849353296385
0.23059618186294817
0.3081490908153929
0.13497083965439605
0.11039076233359141
1.7195900803506765
0.5312619138096194
0.26859794309519325
0.12091269476971925
1.4885539283988667
0.37551971041837856
0.3706538008771446
1.1230967080862175
0.12882093576065623
0.3116178887575123
0.9409612407421151
0.7586313237703666
0.11200461258443037
1.6388901704499532
1.6871010309661778
0.11096194846592894
0.10732927362652564
0.9193382210386856
0.7379828914520268
0.8263702130261246
0.24024082256580892
0.11512721981480517
0.1069027282712027
1.4013689030549448
0.14829370066123054
0.3086582145349912
0.13028441694678317
0.06666709907631072
0.8372496275115232
0.10961182049964435
0.17130783162659524
0.17263365579603016
0.956232870468567
0.1386764027627395
0.10778457287095791
0.2705179701372362
0.0887382481011472
0.19345774413386846
0.2615465156436807
0.11429839001797831
