0.0222380659445154
0.01862285932923592
0.018942096475494236
0.02198502380468331
0.018094251664480573
0.021117350254930185
0.019799686212975686
0.018826714108585715
0.021040889708892348
0.023872817367400632
0.023010503094566474
0.02145973453449466
0.022764203081031126
0.02357429592645774
0.018955955066409527
0.019730494968377685
0.018357092436090985
0.022197977034432555
0.021779743739605128
0.01939481590371251
0.022878616471671533
0.02289023538312684
0.022799289981394712
0.01991090671188075
0.02000202498932139
0.021939770604502928
0.01882235338744165
0.021619488949416225
0.018613861952574418
0.01900848587099464
0.020702477252106517
0.018932424294144448
0.018747261831611742
0.02086163355684253
0.020974291152740288
0.022918311339714226
0.023775226491679038
0.018340580118434924
0.02158803267234367
0.02020681864920509
0.018042465860245323
0.02086752548371323
0.01961219527859026
0.018658535121326456
0.02105568596947412
0.02323228914426433
0.02333118831645476
0.02112484880028323
0.020156797685305584
0.01878949053967933
0.019958685772250916
0.02134546206027199
0.01911002154978896
0.018709252987101424
0.0197887794988741
0.02147850328860216
0.01947734180472819
0.021853384398395903
0.02254312548072028
0.01843750603624696
0.02288286341802532
0.019809745380024568
0.01902734339807174
0.019227777575146376
0.021528539535296428
0.0238741756210564
0.021787763319099016
0.02164002589241151
0.020911157846184428
0.022604265218686647
0.023014276457112213
0.023224638513540584
0.02027156121154121
0.02132476498189699
0.023803123967910483
0.019098287763019202
0.023067471708285527
0.022138226533272538
0.020907474191850756
0.018072625805108516
0.02048073915822899
0.022918381858414688
0.020451483159707958
0.02227795701149664
0.02276763940675487
0.020892661558606883
0.020712793497751958
0.019541480884306003
0.02173253155938497
0.02098390014962815
0.01939447005546456
0.020369790560678454
0.01964466453903173
0.021248966546986683
0.018180326543024938
0.023754878526290917
0.021028015770523392
0.02186266430800082
0.018984204534846942
0.021234729985234232
0.019799957849998592
0.02268516947519222
0.02374207639633676
0.023407690171570024
0.02176625618772588
0.019067239014133982
0.02296870428057755
0.0205261011309536
0.020136025732866304
0.02393918337368484
0.02124168849006273
0.01969415652622345
0.018291886033998853
0.020505893950524188
0.02359310484327953
0.01849324216099742
0.02272552470335675
0.019928696137910103
0.02218779550242864
0.02314174670989398
0.02333977492653732
0.018714793095940697
0.019503545571303973
0.022467339498985297
0.02393245970343387
0.023040953472530542
0.01890625763552257
0.02151342293200533
0.022514703981928355
0.021151360615479942
0.018499068045720518
0.02149869505520213
0.02353121831637528
0.02399884463429528
0.01826485227595121
0.01898674833658484
0.02015812390525697
0.02039701507153367
0.02196144930455725
0.02373313997782333
0.019304903602004042
0.021256408325986825
0.018875440494439285
0.023447605286884672
0.01804989163296036
0.02247543587309844
0.020949952791731456
0.02048821069367832
0.020997383459241643
0.021830496908644848
0.022279831496018063
0.01951642786945713
0.02309285859938557
0.01811875238025478
0.019926920513970502
0.01952243103897594
0.02356197544083955
0.018871815246932683
0.020675906310851058
0.02170508241772509
0.019460820934299444
0.021102068992586518
0.02328655961405551
0.0221690860696178
0.022004475203870416
0.01810565192952834
0.020842944850582468
0.022853894857658718
0.020532981762768958
0.021306923137931488
0.018869873667935712
0.022213807364265176
0.0190536000929052
0.022736714994009564
0.022675038297557
0.02096021259445214
0.01938299998812456
0.02369949079585873
0.018377893111220747
0.023608803436469702
0.0182976769263808
0.022173377243060725
0.019455984366254748
0.01899697066047305
0.020726724401294597
0.020599496236032626
0.020256341344739862
0.022925342440293768
0.023749358563811218
0.019640531120149227
0.02045090628081457
0.018083749142079417
0.02008146017795021
0.02168648088696464
0.018419361785181845
0.02097912857739248
0.01840144004277023
0.019783320456505882
0.02123858277025233
0.02314570742721213
0.018107870929033817
0.01825382395386872
0.022737005440450125
0.02085153366094188
0.020059436978008785
0.02207781800231626
0.021825320671133398
0.023189765036795557
0.01929522214732525
0.02385331425632272
0.019732388491424387
0.01881715478942611
0.021112658351958764
0.021654841534639174
0.02382924908537214
0.021317200277112286
0.01808085672403598
0.0188611254309648
0.023364674808922514
0.019823178258841327
0.022364804234614163
0.01813735496590731
0.018588199066552204
0.01813031324366617
0.02271882429772982
0.02205200967913286
0.02000966902589521
0.018143831945184874
0.02271748600222115
0.02399887983209685
0.018181043032226285
0.022562897427755232
0.02049242151829108
0.02175846304400683
0.02258608358657081
0.021861807761989937
0.020209258538290437
0.022918033541177597
0.019382119989745917
0.02279923532639403
0.022739929293226453
0.022842379356291333
0.02077444909460151
0.023303118177160784
0.01825616090459101
0.020222255859119482
0.02013894379918163
0.01844166019103081
0.022196731923805342
0.01855594302450474
0.019382708195520473
0.021094791889042654
0.02341161879708357
0.021899174034170712
0.021748875362083364
0.02394839047283797
0.01935578736285996
0.02327602596432668
0.018002998573308674
0.019092058159779074
0.02117170365237966
0.019828641376018055
0.023774326300278047
0.01995518813658493
0.019398287965825114
0.022984571703385345
0.018104505702432147
0.02199281167811128
0.022904948328546785
0.018809131219611967
0.021271910187387017
0.023091011960093638
0.01883015449045715
0.022347246125155026
0.01859058291591863
0.0188457088262832
0.01986635771015473
0.019298705124561687
0.02140561976944711
0.019677249787412702
0.019884859110274083
0.02043235867799104
0.018424251644924037
0.02116177181064481
0.020000910863340063
0.02340793057061127
0.023195203375146148
0.0220225059204412
0.021983267693658947
0.02385659724617912
0.022523329238962216
0.0230729356548408
0.021838886747966114
0.020279549742860538
0.019014556178491245
0.01834139971950949
0.01886653794353472
0.022897555577082687
0.018739799631652145
0.019804285142247243
0.019053254819948986
0.01904892013594357
0.021629954450214102
0.019206119831168537
0.020085871371711615
0.01974784830832773
0.021396140751513526
0.02064567238786477
0.01872238697200849
0.02302311692352485
0.018382335274201297
0.022655030077199118
0.019742678161997984
0.023509641700989285
0.019987277506708725
0.022637593744092518
0.023790070363155374
0.020991291187170576
0.022197455229006725
0.02215912500407523
0.018081534498691244
0.02300415078287697
0.0199668985321442
0.02164501085109816
0.022611231167010592
0.02091379134412908
0.023220526968625626
0.02211119558776228
0.020518377877054884
0.019376850686635808
0.019007677687498156
0.02152020662658932
0.02077196291782428
0.0189628253328796
0.02103767457670815
0.0215913862475528
0.021553759008011483
0.023285637604226937
0.01851771374107537
0.022519546642356524
0.02393620572117505
0.020857145894237667
0.018766444832062648
0.019540387271185525
0.019921527589881662
0.01965888050429253
0.018115709433106676
0.01891848696240361
0.019839581802886697
0.021819469822888647
0.02234089396020988
0.021928764497095358
0.01857326104075289
0.02157621641672315
0.019127483346423984
0.022075534257819367
0.020886514159382558
0.019334304789942098
0.023857682170498797
0.01864941139641481
0.020529366675049662
0.020354345115591213
0.022470339186901372
0.02017448511011349
0.022210973140826658
0.023932395598415264
0.022891735795202643
0.020137705471331417
0.02067789420972182
0.019215930215082302
0.01830381103344297
0.02027815665503384
0.02228907996383792
0.0201330362674794
0.01914712891347516
0.018857205442294755
0.01825674939994366
0.02145423887651543
0.02288122798869461
0.020994638504838098
0.02328668891616817
0.02021401852192563
0.019958049182740044
0.018084223658935538
0.019782473626750428
0.023574750724801932
0.02101821802412861
0.020704958827300043
0.019255583411232527
0.022535951506179142
0.020508892515191352
0.023413226272400868
0.021674552293299117
0.020102591904601643
0.018528803084266056
0.02347984648155808
0.019118557033200468
0.022832355227923568
0.020909767815150238
0.021286913171754983
0.0226777124748506
0.02057283978536124
0.019306104319234425
0.02084716043467702
0.021843209880228646
0.018663791245599592
0.022220199952793285
0.019425549716536355
0.01897304245366091
0.02361539175852353
0.018185349698654832
0.020037933719335658
0.0230559847114162
0.020199275318769368
0.018991194422707514
0.020726688903052137
0.02290554564018058
0.022103864482801425
0.019209123306694786
0.02395771898697176
0.02025938295068811
0.01866562516953776
0.02006144914861576
0.02190645717509053
0.02095960755986375
0.020103163325266724
0.019339251025654883
0.02133179694495442
0.019398220996597812
0.020193198114695148
0.018376346916794663
0.019532464742838863
0.023957001287743317
0.02202683516486715
0.01954372947996327
0.022612192104666688
0.020817992546675733
0.021113247332249476
0.01860948368296836
0.0227192497292938
0.022768666463852186
0.0232704654385342
0.019955551998393776
0.01909612958977175
0.02302793006507447
0.023677099861279482
0.023755510275635355
0.023484573381641092
0.0209734897933342
0.01809827130755941
0.01848469715970761
0.018059130023014174
0.01882643418274608
0.01866825237956401
0.02299662983349404
0.0211995089549768
0.01879745767800937
0.022684959106235702
0.022619786320358336
0.01967496334775609
0.019231666449673536
0.0200883246231816
0.01918990608318616
0.02373826681739995
0.019141863010911288
0.02026094995211064
0.02099136469505749
0.02226777969648171
0.01838522202041016
0.02105505161520804
0.01881000561703825
0.018765985549006763
0.022291090749115054
0.01813642318866313
0.01931161496491507
0.019297312373809102
0.01926468532410459
0.020938593135408256
0.01933478628296077
0.019099195793381485
0.019661052436041708
0.021101225501289088
0.02307708422387745
0.021971455228060276
0.023814457192244814
0.02098485302168556
0.01811744982376547
0.019834020681652784
0.02170664915499329
0.01957768370151774
0.020336954171775383
0.023060651056964844
0.020900016782681337
0.019063129331651076
0.02008402124541545
0.02032020829103309
0.02113006433250117
0.019423497863958927
0.02271821249982709
0.023820585908419952
0.019388122027247472
0.01967800238873076
0.01819911066625103
0.01988957485608841
0.0184297299499857
0.023431148339737688
0.0191626780955866
0.02186993009219
0.020533924351315763
0.018579725918458048
0.023870695172831653
0.01911826053532833
0.021956915864911733
0.02072668630245261
0.023556266448849256
0.02128495270707535
0.023272865082157042
0.02103095069322024
0.023832137974095453
0.018245680413140352
0.01978067354538006
0.018876190490834915
0.019097932755192476
