355.44841082765436
70.78435602615318
403.0227124657908
158.89157699391194
120.41515134711504
442.016079736128
611.2209320484895
518.2973026814227
236.0562830695862
2.654157976161651
358.95967137174364
156.44956657262944
14.28879746416601
277.9787414494318
146.62425025735476
628.1241704741569
32.42863193283768
313.1612810614899
210.37090163659215
353.8225037216617
514.7657278895576
201.57765404964283
262.8013069580345
461.40535409684503
185.47250776595158
564.8332115630402
392.30908730027306
453.35222959179697
200.59804561369887
448.36268633773676
591.4223370246614
145.41166777995747
34.633630844298764
184.99479198043414
488.9025485939272
15.129650552735267
38.53345856928089
487.8291699261071
94.67296431407856
472.85711827180006
496.82949709784276
135.88638669896613
246.14431326571983
596.0900279068302
151.15726279319497
28.851513385992888
518.5451309888414
204.56998203378558
342.8299348339148
199.9591258532872
41.783499656466105
321.6356782437068
424.6553995463208
28.1846154676668
102.72577021701824
150.9019858592547
100.07641651836936
39.25972855377235
288.0548328808485
128.90609832684382
556.6988935676328
245.97876972606517
357.98776208861483
212.83977795636864
77.90125582922832
97.40444718577541
180.26378377628757
233.74307505946385
610.0314445960919
268.3934965582304
590.2174899762647
76.02822705826155
0.7386826275447517
220.7092130553884
523.927828024682
450.5655505551263
102.31000065503281
490.93798704056803
344.0667435572351
21.79291651655805
330.76251618989687
46.667534210203144
207.63468554954918
128.6796880201803
439.9949905053234
325.3282936853277
532.2595321486135
615.063681779175
22.83395381493059
294.5243800232404
332.29941990961413
377.9793925141782
92.98838324094864
383.908007413804
315.02880598662824
593.0805463063972
564.5770480540067
0.0583737950825317
347.8777357134057
114.54644427692685
319.34105590852863
554.636414591587
485.9068482191259
281.6580733687468
489.47979312257326
245.62090409211885
628.0507242918733
470.8738166492166
99.83833521667765
323.1764750091478
254.4872983787517
291.77216924363915
557.9988376526603
574.3621360075454
321.733275127708
469.7168624670661
328.416634671914
248.86288050210143
614.7125285356384
20.610604951602784
306.1790615121925
433.07364350898524
568.998897271664
212.92452139678315
566.1793685689374
420.53622082781783
469.3569300327315
608.5228633830418
67.84554780444358
268.16748465954447
292.06631469671805
281.87131516700424
101.99147797477569
150.32143452083432
364.54052937650107
89.0334281275513
579.7297895694456
322.44419085225496
86.16282439106773
300.812898927661
434.6343675594075
491.1814864487252
150.96019316482983
427.60683821087486
362.6375659532457
509.97257081659654
280.639688543124
100.87074526065024
386.41136990848497
588.3923042853565
231.38275004101945
315.3668135849698
312.77459926582213
166.03237152556466
487.37633000690977
404.9540945910855
298.85129394431067
616.8732777243133
135.00425542597395
46.675208565983795
330.1271681778502
64.44011514698228
465.2262425205402
401.23866752688247
88.76292059434923
376.87870722950095
306.0283507562173
472.0967604739435
66.81066004853402
626.4075591978168
532.5441984971525
540.6562407546445
312.8508141222213
280.41326773478863
147.74568849545062
163.4938834394536
591.5926846901988
326.25027489594237
513.0813536563942
358.03333295802963
2.238023039125006
599.2964691123411
526.0357038281346
49.621109870622604
503.19561016627364
175.28704923613324
234.6673299366104
53.644322252189504
132.55563893149485
356.5656342927787
147.54123474717795
20.29498905632961
57.59719290171261
528.5973169266151
141.640304413708
202.6323254799145
537.1485051097652
162.83816943969703
84.5106961921968
235.88652781196254
32.372988892041505
52.80627030767924
263.1086070760227
383.0119689865323
585.0271594459725
216.0696245401793
162.17658432044652
19.19869123623679
55.698709095576284
243.28074893944355
382.90330541346947
263.3984646679688
232.77820224638447
16.46882334080285
239.22175790130643
68.46171610778377
54.23147081183087
47.796167023953565
239.4188809720825
596.0380969299632
265.4415843222127
77.27786493955071
432.55023441837164
532.5370587713925
123.29036278842396
454.8074853557038
497.29980005405645
89.7156340493678
243.5687168609412
504.0018329019301
477.01080233086924
170.8559062721058
415.50293230297416
604.4178228722651
603.6575325787105
135.86155074479095
17.693323263686963
604.5040622701073
289.89685006408723
377.1137505649765
87.10368822195898
601.5231506129537
515.0094937635448
603.5440041653035
250.50031299791598
158.0444498407249
260.4826275176464
560.1941531207246
398.4077753402818
591.6159841812208
201.230400557848
63.66377873927095
26.521962015113484
452.74091374283273
347.6121330985402
495.9122409627805
5.33007261316526
482.5535937915825
364.5007406274607
412.05106298044404
313.03849574705964
281.6146698639952
362.3517969219345
146.11306106770243
214.9665177250523
545.9674566973654
241.0918839279256
147.0788671826234
177.12270040126091
335.7596544229372
528.9500511686247
592.6514106157607
167.06921323997753
53.110935104316596
15.170654732843655
219.48635845498416
46.12112371546933
430.8809292604786
485.91725887450616
211.3756013590062
585.4024123874509
218.57119974757782
536.0909895740377
572.1280257158649
485.570760510558
285.28370932357575
158.36322224964036
348.0923483813712
350.9304674666111
441.3755503389591
371.6555751912672
242.54819228247047
261.96731404562024
101.31043790247368
338.7781314151884
401.99943614964167
39.95642038516702
33.050679705172016
94.99427122870037
521.2506935544757
595.9029698489202
253.27387227421212
583.3006822446887
453.6803314479069
277.3995814965287
200.70585008113
303.9216593645009
513.2988125942526
257.591047565721
539.7465107898079
90.73554531803956
151.89411117944724
298.8886428963017
543.824817064298
367.38104273591273
18.988261692375946
357.91227009354736
261.41941119991344
581.8030585453872
318.6381302830013
349.38108942065367
244.64106203094173
536.80754344879
214.3545192557764
133.4378563313702
364.614819553111
264.18147090865324
401.21968606559545
546.5560438914894
143.93877339205056
227.59411972292114
622.5646580515075
11.200270124794093
240.8094271524213
595.8838702707932
195.6394817599728
459.1874347358657
259.88277968857386
509.57639559695946
290.8931229155115
456.0447237854666
413.69861169967453
574.6750507100737
200.22444758128532
36.723284150259325
364.19004223932603
379.1290224302968
393.03017085792015
95.74265925093927
31.582885648529697
581.2668254778158
28.893765995703
470.6252235165329
515.3814948625911
313.8836958275791
373.9446953741816
435.2096300964502
292.08626456813136
169.5421451385929
356.82973749143775
47.410139270776654
334.4068709816488
591.0356019331717
495.3765771080105
129.35467255520794
63.03351071594639
45.75754799182327
478.9835683757595
220.38784351851288
54.42708606161578
110.81256563724655
318.00900272160254
406.24795139996286
615.0939701212789
108.98852667778166
522.6307496859172
235.14089390862233
258.2377979975555
47.621344894175756
530.7267840076355
4.874278066867194
435.87400842406373
176.06429666766059
498.32646754819353
430.5305274291311
391.17322105253515
513.9682651369535
548.6372366241719
46.553511304537494
204.38052784970105
495.1128363232244
239.54832329287032
351.5323505068223
226.89485969443245
421.61423121281814
196.4233611830701
391.14292472907096
323.7651918000473
513.9372460414943
250.1678124638534
336.45807961430717
570.4974203673952
180.51724776325926
62.77061850471942
396.52956078003547
182.94562227673225
556.1341719916147
467.3993176977917
253.64423740133927
462.3578567009432
106.12129566911264
38.78451787669825
513.7264869578419
252.4105309285307
403.57827191199516
434.5953085810833
404.9370758152914
568.3344500769377
364.7719100506599
167.05124331850868
477.6904814226578
343.09631751703733
40.625763697353655
213.1607900589547
50.13137643249035
295.2481459702681
610.9883058598833
518.7925169344932
314.0430462965448
232.4644447686436
88.54853597626884
125.89965813596285
442.7443574499197
520.9361285512258
73.93493514002675
289.43802723251787
260.3796496440265
284.2106877944068
593.124041559926
59.76840838659767
12.963177331884053
31.08538651274323
529.8235159108674
127.88549928990611
234.4366656308961
282.23259846600627
14.632075618545823
419.0273483583464
22.30756030914844
591.6829669673765
128.61575173546214
278.861373524519
485.06302789880027
452.62072629644433
73.36031238277813
479.41035937865644
502.89478251027
246.56134334487197
512.4688853077503
335.3931793709126
475.6789317226057
464.19749698566596
625.2862886847523
400.9584744730083
442.7964434820443
74.78601307390734
565.9338416210097
321.48319037407083
65.0153573150061
57.62919475110453
56.927696271728536
