273.52873038102484
387.4070749836857
415.43216281941164
45.661405751485205
233.10170317810193
19.656210008519288
67.36492065435851
437.3528699431561
356.9544357661577
195.39859746789884
441.43292350362503
528.8491047082618
253.4518535029154
54.20318616163214
64.99779463720266
195.05920498127614
255.70880778197585
13.336526937583454
434.13135095241677
35.54637162924251
480.1254370388874
155.87594691426858
188.06724831897802
503.46545122207914
443.8469614765838
299.6500965088523
423.4336831340985
232.9262989891964
107.51898819027521
450.2179973045618
357.67516546351027
462.4496710906426
122.17146050664431
451.7477085050122
625.4999255753614
510.51927858957583
173.2406939994035
28.302353427731852
615.4167409114382
521.848431950658
435.4377304354566
546.9155080396312
431.4417672972418
622.4204970473983
48.53144985557269
594.6129198160053
246.50930845271583
232.0120103147263
365.57982001867583
398.88244623360083
613.1216622262216
11.573934622192793
119.60674467967483
568.6567649393057
118.7912035796082
384.0949152343139
147.76618163522457
601.5020624351632
325.0063560996112
225.27751787673225
586.5774301804778
543.3280043849833
368.0276104299393
37.39399399338532
343.26304126714643
407.416511353464
617.9394603247249
222.6523909755513
565.7824780359248
594.1183192641547
229.06080295810727
473.45114611206634
224.2282065908769
60.70383733123322
467.2394150935272
150.85361208731769
579.1392306864766
171.04420793368337
483.8549727555093
24.58610004335752
551.6746881214068
63.69664413310074
476.4265781604505
502.764868275254
264.4028306580859
360.67910600254885
70.16130512464134
469.82564998338654
481.4236847786055
214.36765604548572
105.71849827567102
362.81796477818136
92.35233972061032
293.9257360907362
128.6015468488102
186.59510925978282
474.3893387223244
522.6864240236708
314.64216541030333
272.2820955745468
474.3079637126257
6.655861335339919
164.93571768394025
587.8827154065809
220.98434072314572
519.0744756138012
125.3356332851423
54.13483588565731
249.59448015002314
504.87917662373457
316.87128472221406
98.30377993953584
537.858688873588
479.73525892442007
414.83894310343237
102.24493450433249
582.8200757666274
136.25183144365272
95.84680334284428
503.58449538623665
196.038504097068
130.83077822908126
151.53932301220166
265.1839619281864
30.286190578988077
485.27260643597975
202.058907963652
37.13309490992726
455.38231747910413
204.08601208125904
540.9503460358461
512.3008582872993
317.5068719682841
612.689601534153
161.2827440869437
331.7113716281878
96.05036258385378
158.70376525005216
332.4083126327175
214.94860363610985
500.5003583518139
292.49562255562057
144.7116241024043
172.860991896686
552.8174026946823
591.5778064979178
407.143723883313
56.58635434712156
388.87549123088587
390.9254098168025
70.08915808648985
111.49832743341892
573.5222187839485
234.51914485102643
322.65080538513365
225.4236212057048
558.7237881417826
528.89699501112
461.8297752044684
74.7157047351468
141.0819317833006
509.4362339793757
586.1493456836849
392.4271756524407
606.1709757826492
464.5832146453137
456.42851433579324
135.43096797740014
501.4816567319032
333.1914667916899
15.82020376709206
43.543694928474
294.45197644929834
158.5592766263958
107.21799565454329
65.75100680591125
565.1004347594834
112.09331592921568
411.4433061125562
573.3649192123477
362.24790476403064
320.75173902076585
450.92823150500715
280.2174821293489
164.52793668566997
368.46300503084836
80.3175510362125
73.90150561229792
484.6800976943985
376.16990333685766
371.41782641264916
585.7025068860705
75.23449915806958
625.2726730839793
597.6032938418607
21.737316801375993
51.361863344414644
43.934604443539975
132.09868037984782
392.79118490733737
7.6085422425919536
150.97022776491943
287.64780178941317
564.5801170361566
584.0307491649999
349.4394841333106
292.14835874892435
401.63494658694844
322.6888030048165
575.6666241693113
239.3351179102413
211.17837961080318
458.1300063580423
271.5349051502969
551.3700132855602
412.02220947303044
168.09744671015915
527.3435116788198
446.1913353040823
299.91947794231163
60.80573477666803
622.8734220424146
11.293531531240387
259.59822609327375
448.56830137485235
176.9624694130974
57.999416943605965
124.5044927922417
118.51757600352798
57.51837784598335
382.65207065048446
619.4051589735583
20.8044267767784
356.50612666862287
401.0172514614551
304.25761422803515
607.1911778013136
69.54883383872118
252.1438898987176
351.9780125913967
240.67223367450947
612.652337976796
207.75196132129778
607.0112243420449
493.83007193848505
86.54720397214535
607.2593336687289
467.79784488367636
84.08319113986784
145.52720564188706
148.3602943596106
505.70555337732833
143.94896403872733
421.45854066681585
566.2299650639686
227.93928329536573
560.4206867394837
618.0180874223641
127.35322580648923
545.9848294363027
345.39281444962415
115.74943880793829
569.3931112870791
197.48653404751968
11.229469597176532
335.54756367798063
196.60455092217566
177.34477061832195
38.12606188512292
394.387943574232
558.5161833771962
210.68895520424812
609.1995212610957
2.571379088844099
595.6385816439227
155.03884473195654
591.3749231417262
127.25541709775268
539.430118590107
54.7096406263107
175.27189068092727
400.1147348094932
267.25798712272143
624.7755047164272
526.426468457593
476.58279156127713
373.56265676575083
227.46958572758342
413.56999277300383
553.466985004543
202.74443656930333
609.7681538756957
146.49159393825727
307.91215833619583
530.4376421176229
605.4972694143053
511.9714742745221
602.8633485003368
394.5508412866165
482.5642138294108
87.24348587438719
162.63513355016428
409.7473934226349
299.16712492609264
455.07025571816274
355.0212032790738
448.12861343440767
212.7168570667923
233.60468108339526
42.46766438577683
459.2424901097401
468.9833593181805
25.083353950233693
619.5428526315429
92.74701584722834
258.18824196322925
185.7526237412634
458.73428665985114
316.06759899951294
350.0101584776335
236.74893797959388
42.295119816890065
452.90672052364886
515.5435788649235
178.46114554918714
439.45765611783327
92.37936065103644
216.334990554336
424.7614757118322
363.271329669202
345.91291244710294
342.00861921869966
524.3013443650187
272.486819248002
182.64627960593936
29.63135516526124
448.7321968903302
562.6349499992126
90.2251947538075
449.20361372604026
41.099970124444525
457.8608770095241
206.14981849811818
597.6947386749207
492.49010003440264
201.78831774950928
238.4635829154161
307.7553833984407
492.6403982528161
400.9026493361538
72.2863225693402
383.8552320258135
132.48296626007814
133.84112882816765
624.1135506851508
425.08267522153017
594.36679791468
440.74121078749846
330.4650389856287
398.1757721987029
155.82453588430633
305.87463289595587
586.5986908331292
354.81187131903926
608.1282909068036
624.6032119150108
157.691043976911
207.76691743125468
186.7224636571092
88.02785169337639
177.1432121034029
474.6773044298183
357.4096344914568
259.53391311846144
74.9839548105135
215.9065424209044
99.31286822455584
431.62990744602286
529.248936054864
491.9838612500821
600.1258002468536
42.02712948001162
553.8684103877599
187.8452302177388
302.43366871524864
109.33039831684894
554.3290562754466
300.6714850624491
590.6341338993635
99.96328276496708
136.2315168889543
195.8853298539697
457.7369186396424
279.48959720883664
70.01746181541216
127.98683932513329
365.6052941551242
259.1647550775692
245.19854688607757
470.56573291393613
420.57376990437666
292.4173355281636
152.2696343174754
465.1001897217089
553.3542253984797
499.9854976926088
322.19921799679975
24.94569377549389
304.12831145656565
46.5012561169789
244.7417354167655
613.9559316035455
68.54413305388475
366.63075579761744
608.3533445283325
370.0426179076923
375.0983691567548
183.97123399507785
533.7577098028939
167.37330266549588
612.207481056748
377.969947048618
134.35500589806205
32.984833672529284
143.76072340444745
119.65311785989078
39.865779524473375
547.2757276800199
26.177770523806853
101.48263472532784
169.54386940554105
563.5597130156193
483.14518024837935
609.667356446596
483.0952459902114
323.1626837682925
442.82223613911196
330.1659020688823
607.0371072921004
207.63613169467428
87.13624206424555
232.86643198518874
409.892612440584
133.4956160424507
28.013160626028338
144.12098604211138
118.85763956552462
624.0619089385649
404.24083402541436
505.0299094928226
27.073069788850173
521.5036628519371
347.8176505136141
129.32766265798722
419.19947133325934
391.6631270106002
236.23998077318825
587.2857122922527
90.98009998123636
546.7339045092739
420.11689759147225
619.5815237235348
603.4827418885368
299.4592836147462
407.02327364203524
411.07706938293205
553.8553128904153
586.2624297487521
362.2209782870187
51.817206276826894
574.2151240068429
257.9892389038897
174.73624069061125
585.2903124953889
388.5155682796579
489.24194681835485
514.3958634335636
