381.15917391840907
378.4962730074704
205.91788486624185
39.639784714230544
528.6930281646997
487.28144084014417
157.42599075072454
338.1909342157577
156.82864236647137
522.6567055795451
32.00967566640362
297.1594081827837
403.6159649514568
516.2408156610494
554.8076884531736
493.5135659505417
91.35093085030638
26.19887898451307
4.214255600597774
469.82303749925177
181.93518634127892
455.0506647382303
102.92737376487702
419.8604935470432
295.8629018245569
429.6499418366987
259.7131845384281
508.96842311857904
407.7066493470836
100.48977608296262
63.05638932135415
465.8569918584176
614.2336576259569
59.70845716954789
40.61416524203975
105.37991214792686
420.51798343284605
72.17682013530998
387.06213161707916
482.115293129252
362.8818235329216
108.10564156857868
272.28383513694075
72.23487179821221
153.8964938156495
385.94770907697716
532.8182339589058
185.6003735379614
343.56222248594503
407.2488539113346
52.4782098102779
92.76904835468115
194.33711841569118
106.15823811473057
322.4321791487505
58.233345142373025
105.8992873863772
622.6144994213394
314.2635889731492
180.04755716495174
529.327238375483
189.95963012374875
146.00913051938002
138.61491431145186
599.8581975813262
571.7014384774241
573.5187245681567
459.7598094508188
110.28797368365295
517.1497601953553
110.52058659255584
564.1862345737404
152.53923035271197
589.9196745584132
284.9966360941555
189.17503032439427
372.8123845914396
283.1659979859668
411.58959428395724
251.8209399898222
442.3123737123626
439.3308149393476
614.1671059976467
95.73379383519304
420.56359233447154
236.209839675655
371.9896106507925
346.43954846737813
442.1011853151813
53.56870246064832
444.6057038127995
611.8222094431655
185.79903360670693
528.7371040061068
530.5344819041555
424.5280773135898
421.63583046734095
450.5115297537657
611.6242383575227
274.0796931875082
608.6437055875975
43.88543960860297
124.56220393764968
136.97200623032217
443.0787836830201
610.9848975010162
505.73389861613157
141.10430196440956
187.5964048756123
114.16548648943079
56.34091115744175
286.21764225493547
165.25356352506526
435.2428467915602
485.5339839581675
498.8981719432702
449.93762443465187
171.8312997578502
357.13310747291814
534.1693084181697
103.88160720717258
161.09544819372485
18.53723279938404
210.3840334734922
428.6611577975158
273.5001832735865
466.60448213415975
104.40607476475124
302.3575385815059
103.1781797549745
602.4594818090234
227.98659893498802
6.1310190520972165
66.36153267575546
393.4943982233572
473.66265209694166
476.6209867086757
313.5368586741398
510.5625985383922
85.81358072640938
332.90752019405585
330.30925254329554
44.5616000727745
164.12664491440512
464.9316871929116
586.5132343206275
583.1314910575261
457.2760424450703
56.527930751273786
527.0606394491952
28.409392918554953
586.0434730420814
447.9550680183039
501.1097633656773
219.96452640762857
182.3043462501437
525.5920990554351
356.91760068187983
532.227680817462
603.0447194699536
1.922410510362806
114.79832719373356
340.4465733397215
422.3999309024411
319.0556935143061
77.76379657734303
490.1999675283901
559.7682374528139
153.76888738411301
340.380688683176
191.42425194089995
390.1387637741522
129.61271748933422
612.2289386599113
129.74164643705194
290.2558070713451
441.7337540342362
35.5928293939382
494.63466910193006
329.7924701099045
430.5617610290819
184.8814101028674
579.2949737127808
347.7903828669445
145.68519226372476
573.4339629963373
72.79511620656595
158.64388628718746
251.38061340179704
606.6049990594598
49.60774276082046
372.52765623260734
566.7635150223276
47.854057312192886
333.98891441102705
285.8895609918214
133.04819205438824
184.1420473569394
450.4182293484223
91.90708959441416
435.60013216947027
541.7136930631485
428.054446437426
555.1958584989793
152.34572568232616
348.2150520166265
148.0165454496217
301.61590899011736
226.0724286633402
322.02998761934543
515.6809563896715
281.36013469817846
382.66554460865206
275.75264497365896
56.643848876353616
560.9596375619599
26.592614803470827
498.343048964408
592.9887573003618
261.7129669060717
94.3211645446938
573.2901090459355
274.5576327095385
23.452065749443847
207.89077157174992
359.21860982908487
605.257531021897
544.7545769004066
555.105520146946
463.7316975159871
384.0440368951423
456.06170562530184
511.77152594047163
466.9401711416787
321.9446627832686
318.0794119465758
26.65171746714817
27.40770505439705
199.993563098954
517.884667961855
190.25085411874713
146.02246804769146
615.8187363046043
310.8571288394665
24.121072702865114
171.61735487068876
471.1772495607307
213.2597374463344
198.08053329922961
264.6186456723368
329.4392587932258
109.57050517523965
382.290585347533
271.59661397091844
462.2382171777581
385.0179056384155
569.2469118932098
433.08097962410596
516.3007359123303
100.96249893617303
87.3813340987389
601.7064119361437
190.36019068581746
562.5098122692416
175.89799455798303
560.2093553668323
561.9179963841948
19.526107242167328
493.65923797678187
234.81588617696
332.66819669101005
61.30684996467985
110.72862821083449
180.96567362847992
40.15215884565329
200.88824352530048
521.3609995282366
161.1503784162773
143.3793566625606
309.44160171842185
216.02817803961327
140.3790407057673
524.3430344425772
353.30957201492566
141.59654037337273
402.8303913471562
58.10088964311551
552.1492473433241
542.161976918406
222.3324645140396
219.5891052884576
247.55677575469437
254.78956345762387
51.361090324020566
125.44529563414422
128.0800204160328
131.19768826429708
176.6459952098028
463.2982487451872
596.4008365785122
327.16927396687333
85.3327214311308
617.8959866480546
57.688179527140925
138.47011790006414
4.3953441730545935
61.62292591962905
161.9271652344
444.46464392346985
106.55226989139231
587.8165484605607
58.51452397283648
205.71410288503483
130.04720142339292
216.43579210980585
298.4629422047093
175.56920922060277
77.12902371309893
136.4714082791716
410.25320476602735
195.7671879969769
329.1303819195092
253.90737364437703
37.52231621064079
522.8397033542814
569.2011255199412
470.5615444092752
207.8460353393579
26.234969788058294
536.6187755227455
97.54502990082058
425.0764052739577
37.158228983043436
189.82066211385597
154.13378553046553
343.77505658244485
68.50000600714529
291.72023419097815
19.4938406525134
122.95470768475609
571.9764012495694
181.53908743483777
397.66273199444254
244.8766448471945
613.0507263266716
454.3343276492808
55.17918269355051
553.0835041905597
319.1027138817676
152.1833795473771
449.0977064164183
77.23756679457898
75.0115741369713
10.952863811100244
400.3442799028897
128.45306721501726
108.94117042523924
486.7727380378314
524.156868189478
103.6212517646633
387.81671670770913
413.3355059822729
109.68519756615255
10.54112635180316
71.19999249676417
441.01299942680686
131.73230325170948
598.3955050881477
567.3863275712945
148.99111450626532
64.23490343120096
115.80826678600219
605.9654603381111
490.6207833258992
392.7394513327927
442.32546671641603
428.6526761178863
429.00322033902967
361.7169160360664
565.6711316328094
502.333354683663
558.7315661567569
580.7306177911936
3.958564543023072
213.646289679203
160.6856822104006
288.2466139235106
511.4669622164877
380.91813166405586
434.04537194592456
510.6593055009375
455.3108460964887
301.18208464778536
49.32342236034684
485.801498095116
335.43193190163475
501.26859399175135
200.19661119768887
572.7700089185383
466.7409032076445
305.74664619771113
393.31958152665845
520.6896887788147
77.89717819810454
420.0039706995299
619.8566864993487
131.63271131150512
431.4778008576784
584.1658244457558
289.12622874976887
185.80149649270285
553.1937581998864
29.97776331207409
492.3194824387839
367.228268659056
604.8733730583352
228.9970573040564
280.4940772143063
270.40251142989285
459.0507933191121
90.12581676125365
326.6636973697067
340.06169963048285
427.57274147442223
26.95608544459427
568.3013507334451
268.8915268739771
461.7968907277914
445.27185210553256
161.69101992672384
51.72990694266882
301.559347761423
511.9935122515322
203.274195649492
189.8876365943583
196.39389843066257
308.4044400004245
491.8055727886278
67.3420568828151
538.8067967753832
193.19655238025862
169.08026686014082
85.61832851580537
211.9159927991584
544.1226332109103
247.54450299746063
495.56064955972505
466.932147032229
156.12537871819538
491.0481858984672
243.57505319315825
358.51682522280873
284.4002387558209
70.94339176880139
102.30111502364709
130.25993024624572
445.0232980923952
581.819311063159
255.20671912973742
489.3813079701801
600.4748625894556
96.76552415999399
6.190282971246594
219.30138941907242
412.22779750815056
525.6038259746695
347.0532714218365
350.0192032164826
541.1000131686011
298.09511135176064
500.187826973544
174.3280573131389
312.6954843471455
7.750341677951566
553.7093772439247
189.5537465807619
9.725736996306633
374.6992810826602
497.3391757693985
606.5260842054912
601.9888368179603
467.7311458859269
492.02783178065744
416.8504179697612
13.046297890224519
231.9763732367326
391.8559450746168
349.6185484115596
417.37810274208914
87.10689590543123
585.914334294391
237.679048928586
607.4405951926308
290.02831184974696
71.80421626562375
185.7779126859349
151.86149178470708
364.2344031457897
221.00102999709148
33.599968625677484
269.9974511669518
224.7935710805228
214.09850690538812
602.0114842298713
207.16116331222437
310.60964850112117
521.0803354466775
46.18403915356302
215.50243343907104
531.4043495555188
432.7273951849767
23.82770596898661
605.1244141686055
542.0758302458413
122.435229149496
10.807200192766276
149.5046921934345
88.53312179441187
289.6211885643853
190.73176606607876
188.82568057420383
230.0883484057656
551.1290742028364
