293.4646506972388
403.8918111516211
600.5352240674392
120.5660395741833
142.21743718152942
540.219630100884
466.9826122302643
190.52806284757057
391.2191940724552
169.11850145780218
293.4562026935256
304.43785618367815
597.1947732483861
173.93107511013585
609.3772416827006
467.38972529666603
273.91529052507025
291.6058958530143
424.7822295929228
319.10422740833786
191.63615927461197
72.95990337369994
48.91904150874143
221.69858824437614
18.70237123254582
375.56722001502135
591.1079023627702
407.88415334601916
312.11149486384863
362.77263355289057
131.07804805236702
316.2804933689594
356.77234663065394
366.1087430475699
255.61170261139839
147.18907454390654
351.1641093929552
402.8055150402539
549.0585329457894
434.4284152859397
451.34168931900734
463.9371724968583
311.3360407164111
172.19608189219989
438.2085074219201
321.81293645882363
15.500795938261792
399.55883036661936
79.04110097133969
403.378019791889
160.044837211779
519.4299251732185
303.16302266543227
223.53983496317855
609.2963179614784
112.76431176370113
451.95703752627617
264.0776490248933
140.5317970300068
231.79166068030997
231.84883467088682
18.165591194474466
481.8685277668469
262.714668606467
380.71792780511987
142.82618934679732
176.1719760330557
451.1842107977961
458.22517721569517
50.169683472531815
149.43031979705327
39.22306542512018
36.09896249100088
336.660515586207
200.6936154765322
61.11042969275518
301.65317115391383
29.78538037045164
527.952127529067
486.3598855521073
509.38559356653116
180.258782543796
487.29012348260665
260.7295632629771
238.3346925328751
226.19400690797286
97.64719682621903
12.605131601486402
546.783340913133
346.2654699415718
586.5170462787057
279.0311400698498
104.94776095654255
343.8423583425171
382.8848894908822
598.0595928426794
55.66768616317629
120.40868187937214
442.59848085792925
520.224963865968
259.26782313871115
140.05918437705483
133.34899349702306
522.9344806059528
388.9302097197137
559.9756985594795
93.41185852540316
141.07949905225001
383.6049818604944
283.15805516071725
544.7558184088111
187.82140212975517
86.00632544822244
81.61859321965422
213.98861551882158
577.6194314084628
221.92857896760998
93.52093147216571
13.839544162858536
602.9202497173281
10.090369975394598
264.674228278065
140.87090752757297
508.2533980134959
506.5551494231796
318.5357789711625
263.25991659193824
314.4094378834466
331.36296840845336
149.85610364586563
156.3047469177545
588.5743835096779
154.07961234781138
178.92966270072083
353.60867613987295
227.26046792700694
182.90249666382962
421.8757082381192
6.887581824922347
332.8060522397493
517.6932715733137
154.82886981221466
212.81609254961757
26.61528111252143
181.39572645022002
179.63384416077102
145.21671078173142
213.60471121202184
165.42837428098596
560.2278023835269
408.5263459425162
334.82961825465856
340.0837944206998
504.24825302573333
136.12470547483
160.41934505551862
556.7723815846795
568.1064416472415
123.84729734815016
304.7925786482929
125.07772283538229
78.78360562698957
468.05616015535065
180.60360245050225
605.1122078060234
353.78799015062333
566.5010186647477
514.7083342251963
116.32458412192679
365.91607415558184
131.3221736077287
167.12282161384275
377.14868153079084
147.90886382102218
331.9408179347806
139.99481895923813
146.25535591449722
322.3282752514866
135.33615057284436
55.60146010277885
504.73657386925004
492.4743934621634
337.74381470588344
73.41111337594589
306.30199006419963
496.43851031860265
573.8655730641882
185.94878470495252
162.12645240760563
133.90410533792652
271.2501296981662
613.1508721924592
297.436508268158
558.7542959222096
504.870613138132
401.47606575233664
516.2728312666919
62.565876625981005
348.98322220205324
68.77450513422356
625.9404894760828
211.74888073652752
294.15134670241923
85.71029635316035
306.69831768490667
123.28021834192222
219.0613166392408
149.00288760932688
100.10567529368856
152.97679326901374
378.5586621100026
41.4638324411407
316.48458146567305
560.2139005984526
165.44862136069526
108.81001890825632
494.6290557231628
326.9890930396149
110.86128704318796
289.12787032468435
212.32836774208
505.5572719297174
461.87019464102303
499.4434267313543
260.6798491046711
325.1613011938242
456.0183368672365
176.7926477896576
450.1527847518543
53.176588190190756
444.680747378584
591.2644932784573
330.5796493110498
135.13996566264203
489.62415288997596
125.13379304799616
471.58779445284745
267.18548251873807
363.1169480234205
436.78249474009806
123.12325545916626
1.913071999774236
583.2803294441076
239.15435358447442
536.8762063434357
427.43654291288686
174.1445594460043
122.60342834706064
501.0923967543125
266.87385228447044
20.545328266708587
332.1525709866177
267.51635355960764
14.98353239824818
326.6366582715728
95.98653039765185
298.1554145424819
464.7885665244324
294.4970684190497
515.484960453144
498.97625274293813
429.4569821843351
352.8588264825425
594.5463385202821
337.70410191503504
113.61145743007336
431.0849663335261
613.4327158176592
165.73411099440509
420.2126194309783
373.2986630756918
443.96159883635903
529.2359454789237
525.3833684038019
439.6657161148134
34.434628761732824
488.9399550972229
404.806831885934
98.86273796855316
196.95230738740483
153.49459659074836
576.4486244429432
345.5763467590508
541.9152806628307
312.1951588063523
402.35962203267235
486.69191890466965
503.0946256422506
464.7842316544434
374.2887478217946
462.47603944259527
423.2891158071712
178.51814623121814
577.7404485346021
506.37675080530465
67.76988206456687
200.4214530741788
356.0634900061282
33.59319983773713
252.16677750446786
85.6643742528709
493.1211583026735
40.16015786284544
378.294937478471
25.821285810164298
509.5275870527156
323.62443624409843
318.5896041795479
475.56682279152506
177.42071501021758
340.98056978432027
573.2362995152382
335.02362837636036
330.4293070146961
274.8513744152536
8.379926975935117
105.05649008342613
214.72428166355027
322.9458206035582
216.58618338631896
375.4110295600403
368.4245427731725
125.61842784238165
162.52138249159918
495.9784533283467
542.8466348494934
265.70435621884707
506.902962317669
578.6109942217291
463.579275995864
128.86301886457372
77.40121026422246
504.37007735665975
223.8275935833931
382.41249906704354
150.930465219991
194.1493483785769
253.60058554598538
112.6333098652266
424.08461722017404
473.49383038323015
425.5131779638704
99.1327726121343
431.132554394412
389.7445705756537
558.5489156831908
473.83740644149316
275.64232094195563
126.4539254119816
481.8211474889306
220.6008261561156
562.3075655096211
410.25862669380797
87.72292021454086
520.2834454782048
361.4202464200425
223.06963605962972
589.0988681564364
546.6377925564218
303.23394646191434
578.2998903687136
408.1972463470726
261.56797037672857
435.39126821668594
274.1873860175037
613.4915878900567
61.88085445173439
58.86997086574258
118.12124287057684
331.9017177476382
493.68027532746163
325.0612173690446
151.70806680462778
43.76307166402667
88.87020652979228
43.778614840884735
131.64395120255577
368.0396244989989
616.8255883147167
353.5750663938085
555.1057835665191
97.15346314601885
385.8460927318885
476.36018009923976
151.36522533850788
534.4670963577331
619.9348183937353
599.9526196121061
438.11390718806206
571.7235997115862
151.84365844709575
106.83565001571844
326.0134267950328
101.3174489130966
590.022431058647
459.4497088492478
492.0480043232095
156.35671279739685
584.5684899981053
606.8623850237421
309.88244302542216
487.17362113465333
525.588024938377
0.12269199764068255
93.94156583771357
258.0528927644708
538.5689061450863
409.36348999832774
473.64394530449937
381.85943667132375
140.73959711942192
119.0738839425352
278.4313332525452
292.6728795560315
94.92065729301227
175.83660261118908
440.99804867023283
579.0946409509875
427.5192023193122
443.17104241072093
55.349545167209854
185.187687477411
620.3506117665087
162.4232748376123
72.03452412164835
103.96046066674343
446.05919813019096
337.88431912464074
294.7303742392075
68.08266191919502
414.0335335408569
613.3594975720986
21.786875601761107
228.73542407166283
32.350206639139536
611.2357379769979
370.0923758386361
390.7589925390143
572.8203131194872
369.8678057123192
455.9212875271056
398.20460152292327
499.17612173018273
316.31224833130636
99.31208685303102
435.783345544593
343.70247364326895
449.7966214053748
248.32738487594085
618.2741550054002
330.4187249246933
362.02980308564554
555.8425138762984
527.1325226111778
474.69483709073364
145.85487869916315
516.0443738333477
410.5443390756352
73.44244071789457
405.3738644556432
98.30982111129627
430.3096950329752
382.8628669020853
613.7188272577432
322.06514540683537
352.500547926305
560.6076007586055
286.70531903915725
175.0274381327716
489.2935402490755
316.2766828521928
392.0615380426606
532.1014849584453
128.61686913015208
483.4665760642072
384.69731923471414
605.2463076669399
618.6061675009428
114.82979786664312
251.02081200803252
4.060554847840087
169.54779697986584
319.07744183482674
406.1332438645978
373.92762904482737
508.2728827964591
475.6989648003133
396.2650240228968
412.8955046296463
78.29683031709551
425.385337761411
318.97665985279036
66.3051218113503
182.6732183058579
418.3048677472637
3.7195239236082815
80.26911712770753
250.58718060123542
213.5320256817643
26.51311494961081
87.92694945827817
407.7578591395648
386.37649401600083
