465.16913126871805
541.6947831743952
175.78015016013646
575.8576528393157
477.84025109914705
149.68997873738698
426.76272963830365
43.143899198502815
9.996236487967632
71.62546358486637
513.9368247667412
28.138531029358283
462.75609048194985
433.3961923130248
292.3478230443865
153.71251625576897
164.32424759770305
343.35593222510136
239.65332516728282
549.656709877574
592.7095124657249
297.4684481686749
474.393654089364
256.41102883333696
528.1311421160947
266.058970075935
320.60267182735265
132.42605805073558
0.7422344131760081
368.86684105049375
325.05590429036283
376.4465886891795
517.0368873401831
132.7106112531693
310.66166260077324
46.37105379947256
211.23454312042298
413.51556684614167
545.4987436341466
404.3002892212143
190.82741731080282
103.15896815415941
394.92791766262116
304.43898259645636
189.61495255629174
342.1235214060183
330.88694164087485
111.63903728738228
22.856035597080716
371.71536532094564
558.4475605607611
452.60614508497866
438.5456470307384
337.3694138743571
625.875571259756
510.729712755003
614.1291688286989
260.5559936934281
401.0329139472436
546.4052363842173
459.3236369693957
605.880945668233
218.1032983513364
165.6773209053679
528.9863206106687
441.7569895841893
228.23386860649484
442.7886309003479
444.21506165807466
72.02906113285668
426.2350253262739
334.0016121183304
474.68968632171095
563.4070460327781
210.91104228076455
245.9545921274689
199.29492087410347
536.5244829387666
225.61212177140274
501.20797487328537
106.84994410222221
563.2437243035887
36.48389495339213
352.52837756074814
457.4409246884132
61.28763252916995
149.80947891468426
415.186034721302
382.94790828931696
606.3673372165715
320.8716523250108
278.3755454039397
370.3056968488536
580.4644004014699
59.296187966310384
53.8638063604284
305.2218717582973
351.56947205727823
343.45615482167784
5.864184087195722
491.7013598385002
328.5055744083529
67.18329697301384
383.0869884645391
422.923513610742
218.19990789449741
616.4102157802984
171.94725389656153
505.2465552417231
62.55527638867317
497.53538666215127
271.0238723212888
54.151555593961604
620.1479495741495
35.704156456679115
246.47718142357846
274.66679964191366
315.55886577348286
124.28670727580669
351.65229078223985
133.57448807728917
537.0555830453869
387.4215805928508
385.25826660621107
267.8493267821077
291.4633287480262
364.7160538288315
439.1512984169721
539.5411681629847
615.3550720864217
366.9936643619941
132.29980706465722
124.41052267471241
244.45580873877915
590.9354895822235
219.58120202222545
243.86522068914581
202.1407118600316
540.5999037995896
13.13307890726302
65.52041993477012
272.8211478672237
321.81731606545435
188.6448915263149
217.2367575470936
131.65796389538477
390.9871171206038
542.9685050393714
76.58423495852857
272.3297341086846
13.818030058482337
70.46898831078522
508.771800811039
268.95329311135964
384.5228224408362
226.8991710621692
377.4900423102845
626.5037845016977
210.14687857011285
307.62321413721014
221.22542172385488
32.164653651694024
314.97711730749836
508.4157360166259
99.32643096825956
195.31578780382702
22.4512239347819
465.17728624838816
108.29222146932034
435.059674198994
316.35473866856154
317.70259534064644
299.8738810140087
235.96069033089626
282.27231284647706
167.99293385556774
574.5640732772449
589.5072549158755
87.92847941780032
515.6544580674198
251.76862531098126
305.95833367322587
338.64871540093105
271.55686479630884
555.6703385651241
119.04340295474111
268.8041708428372
33.057567011161645
528.9985632697371
265.6249099529369
451.06751620360563
386.7063686047038
395.4733753679426
30.22235644634086
482.0616909894776
239.2885753846249
507.800512806766
123.11311742017791
624.2915248956258
359.18958071739786
414.5776806840377
107.90043941580065
558.8662094409962
20.4727236324204
537.0935457155471
50.57461619115652
341.1262946145943
537.4219746688286
231.90775951496258
65.63224835413745
81.85799417914195
205.72766694431579
132.96605508141118
74.7526624470231
498.41939339678976
74.48010086887395
372.95555182376364
110.55444885988442
460.79545302136916
17.595222336257034
599.0827974423534
82.8436957968952
476.2026385961032
252.13029883918338
584.3297461984204
349.2502343045726
75.43949981873683
443.9785917677148
555.0293770133035
356.75152452930985
593.6963099587092
104.8550881631008
555.1236803621599
256.7200039405996
299.3740743720992
477.76068911213525
415.47539274984075
418.8844456841362
99.89810298274662
571.7133462938702
479.60579273487093
530.2355371042967
276.0744014684019
207.47347223187
265.73192705271
396.4702938540577
166.72944162111003
563.209570274247
31.38751873232129
37.75462460346677
377.4366827479303
230.79451650618026
134.87924643669322
76.84197621947919
573.2105391599487
119.5988904814594
464.7570003878268
184.19738271695198
519.2359833370822
5.109321516025776
544.2152226917008
588.8376936925916
106.2556165871
228.40621270034592
66.92037587677224
128.17051798754184
175.52216428125553
116.43437037215374
538.2047108413208
56.00874340399285
574.2001420198968
251.8101694261237
44.89422187610922
571.1724379924791
330.7891129071842
16.421605340391668
551.7224605037817
323.49875900906306
562.0952504584665
263.20578610669736
131.65937304384872
31.353931159296703
506.23680985386056
330.9398842361232
21.08214311799149
85.79839829942237
55.73713700787181
208.49330859885654
295.36338940426117
123.03310724392205
524.0649278563201
1.8473295462214383
13.312652827532586
290.7484589654576
312.6477283065726
193.40335662601447
503.66086166561564
422.77267676118095
464.7220783558809
462.9719040234752
418.47098925435404
213.90293755194236
77.11448494450275
420.7798292316917
424.8074637811687
6.018860184698108
572.6983188362858
169.89399789786202
129.77982193264322
399.1602629835469
36.32775334446989
543.8724338385855
621.7548927036147
4.110458639728502
327.2192946862278
466.2081005206191
402.4702071215629
405.3683775125898
530.1919508052903
542.1155096753162
283.73558966065366
465.3755225673995
188.5704326514819
402.4523058010449
346.3905361951558
118.22790544712971
22.124614148903245
136.25038514697232
475.66264411943354
78.5447942338662
417.08977767785245
485.78760125128167
156.36524589115226
219.31008409784505
222.31498283618782
496.6897633087329
388.41538504371107
493.1508804690538
621.1246814752052
314.597317778494
478.892829355052
536.6164860385442
558.0557532438949
573.2138431474148
174.9079692318897
211.54045100877102
273.0278153531607
193.80021811447045
34.89563387156326
344.07685167398284
290.90386428842066
368.8229218584435
477.43787491320836
1.0070982567962607
220.1856561666193
259.3113393930591
159.08804976194432
627.9952069387767
112.63958582968456
497.2071531430016
290.97397397881787
566.4014966237878
448.8256715209435
433.4099485999714
309.8703258653196
552.3989445146703
96.64954944403358
344.74268828231294
479.699543858592
57.027679974769384
197.48650372691813
31.17722905560358
7.813384305022594
55.439741041714925
86.3511108641133
318.8993521173855
359.87172448876197
98.98969615258216
586.476576551967
355.1349309087003
64.09539900854331
253.94105302645144
270.2545466540864
495.2134164798706
477.6812108164898
567.9193955386418
100.79798122678932
187.7220116365097
404.6654262004415
330.3572896658968
104.41885372165794
553.5445246725685
596.7142391388934
7.7853620285096286
407.0825268160017
105.36590292328535
299.88785955468046
626.9469175665173
198.3068575157171
269.9703797162408
408.1550800386161
535.4701129059093
340.8392064721222
600.4835103602912
466.07391268451414
509.9198305740892
145.2824317795208
598.8086339475118
162.2953176211315
50.600417776671726
332.68447351461896
371.9706129663812
481.258064131725
57.6520473319413
33.50069973796765
500.43090184697985
290.0770967508295
1.2482460013696641
564.5923096862557
320.5251362367742
413.87591132350866
140.4616333589947
366.1387502388958
45.5299100193051
400.5873782614677
47.97937332630355
610.6046330127144
520.6615809799272
333.2023485074408
611.1709902017424
604.2957538079207
514.2433530451099
0.3677783931405683
102.23782173249519
237.95493346281518
336.01588484869467
151.252084327445
27.420947802118558
186.3800138193614
318.54802586190095
504.3369931697722
435.5240993235399
151.7976700607895
103.23767116005669
602.2710705284658
515.1329030251685
23.293377075525456
490.0200895772386
433.8729636108329
265.8159365268999
192.28258163052269
140.9745358843703
533.8468642031494
296.9397545218665
219.64183331136783
495.4819101131472
394.1928467665316
128.11314962967057
236.74427444302293
612.1765682209904
271.57031786297057
413.5307577343157
417.6301006552252
325.93359868118404
164.97727259492328
57.95733162274066
384.8254190415685
305.17560687916995
616.9246336678959
180.63805179985542
43.70735559484154
551.9619586193724
143.36336491094352
217.43186684910148
618.6558266096832
189.47092274424915
235.17894813426972
356.2226787459797
210.3228568931061
345.88685413676745
149.17616878130997
340.9295494767622
8.455280403298369
552.6105738001281
215.04285428853768
383.08327319814134
345.0546360333543
171.81158504600086
176.79939782744475
578.1985661226213
462.2279114757653
80.23501248596818
534.3669769525536
620.0516418976364
219.1791806481424
129.19733441716937
289.47247997982237
132.214410633886
494.6850042000795
359.96184047321634
122.47188631614634
123.23927106496987
