194.81283921896625
435.84634764978887
162.00201565159776
449.43881151458396
236.62870766172023
412.2368627009205
126.81025594604981
354.05226338931925
357.4753153375509
282.02324093796926
89.90058366150718
43.72868800805088
30.999189759697572
620.3332478002746
29.53624549779648
64.74001825941227
475.64566106396853
614.292264812327
225.4587625692231
32.41782311284055
446.9620633019848
31.13636284643427
401.2084716711844
551.6628721163579
509.75991636123695
549.0768842205066
622.3558155743967
370.4993317957072
223.11345792181342
538.2151820559582
445.01646818409375
422.8037169802631
405.21338072533376
52.849607897689076
351.86420312600296
199.41412815016412
370.4612426962149
366.5778015517445
405.4259689276522
601.6231460383
89.79925414367813
551.5779821513969
11.967247331922565
565.5757891520083
382.9025319300464
325.53105500722137
316.45516826691886
335.44217817413085
120.41824644366324
480.6682694985815
511.71860807623597
196.98968382661155
151.01981604226808
530.0153782836984
54.85114758016962
503.6656485540464
234.24437461384662
92.22615652248315
451.4369848553172
597.5002738993304
202.3851374160447
525.8242797245612
473.6957657023192
551.1787179676693
478.38050988674325
469.95629594514253
425.0706861073415
606.6785532630132
364.223456327981
565.3965384086563
146.87651377058168
271.79549086395684
459.3541306057831
231.72835503898585
47.95396531072753
539.3848065036042
77.70087720319908
508.1696200862048
421.8664832771588
422.4957877198313
341.3309987404678
519.7885967166219
328.807085048836
323.0350972389957
385.674090520738
454.54731003753096
63.6591754791625
167.66805782248375
373.2642121024716
585.3717112516038
40.169477309827286
86.04407296883339
426.814158172261
152.80986574621485
141.8778196905325
63.03260910550243
609.2301273362377
107.70054947020462
547.7483533683387
124.80338735016888
592.4078706482421
300.91678174500464
483.94607657181854
42.702848155422345
298.91536013119384
283.71893589897047
438.6291036803011
452.3037755544442
203.23687665635285
31.043382625261017
121.84110894255974
58.512339120250616
161.49148626924386
209.28120024635902
420.94367401323433
513.0576323652049
120.03968443651812
511.41316762406746
470.64479987708387
491.5671033901605
535.1929138280481
74.33874635340473
372.8406224530853
223.412444285396
37.235819701121095
328.5660484850573
540.573149957581
578.1199101200034
369.75116882560883
118.98369742195814
478.814288790812
270.63179036611854
448.8292191889054
433.04216280161654
263.05164736732974
105.37796442469013
74.49435734197911
458.0008431987241
617.6932600907975
233.27280192864785
214.78220448372204
411.56654715739916
222.60082248549838
553.9075018506588
427.68263817727205
74.64416569337556
298.0232195528589
459.53324431784586
485.4241723678935
62.351585227852965
470.8570707096444
35.993818819029606
29.564894621694155
518.9544802158314
198.09240949283264
353.69357743535227
587.7395227724318
46.496685155789855
65.98446415676601
352.55239353014997
123.1422270098205
290.7354263237844
414.08224347141464
486.9991405937038
214.55791313876338
197.87277200334685
423.11682521274065
490.9362521197715
269.49086369572984
542.7312630789202
575.1858661208925
390.09389826654314
483.42572858137197
181.38906888122898
162.3173138927384
233.85202573446998
49.134870040318354
123.18168305188091
230.53863010351571
101.62236791435484
594.9575206971467
185.9050987103577
606.4330038250466
357.1243282425945
320.364128053932
529.7523168502034
144.83162256180663
215.09156029823748
346.81586046021283
147.70509897991698
413.951858044762
603.9253842546275
623.9101491104383
626.3231922805303
380.1237387668593
452.9599752294856
612.9783781579054
421.96004357659456
578.0539893419907
285.08960278666666
592.1620041852119
553.1046337121184
502.61087082883853
52.82023003366302
554.2490343860791
321.3498527781667
187.8018678376964
496.95607724762
410.15868101775726
287.07210111730495
32.11029458303257
514.8922683250165
411.993523965952
619.7353974951458
62.098772477842296
268.01253797862444
345.6274179436364
296.1460799094598
345.6711348491272
249.91305403285043
229.93588319702664
541.3067739391068
285.95065680691465
58.77817310171376
277.54409479801825
447.58627245252717
626.313466673093
588.7181412419297
219.5927386975869
120.58663559049678
162.90641398818622
350.47102579154887
464.6377467595972
195.2285668281424
106.18343557360822
372.5849020532018
539.1583799476739
334.24190650833185
359.9693736856928
625.7576095847495
132.82149602797713
187.9460731327808
292.1299628935255
246.79829455076327
441.95301707635696
510.58692497011015
597.2082901905079
48.768387531248855
604.4763520482418
73.18715306239534
528.1429919813037
123.95998040204924
10.071498542237864
216.50910362671144
115.33599748097254
277.90560500535554
613.1063400609554
80.35886851367178
535.7790240392749
269.16727204512074
158.97925518231398
126.6964907727334
280.9392951654904
577.3134109722682
485.46632965806054
392.7844576235813
80.65145503418762
26.848978715281238
196.0835357901588
267.3129700613496
604.3070188046137
65.66921495805362
548.9732514591135
165.704267665114
365.09774806345536
593.7059786239428
284.98526298096687
588.556286454908
51.94058910090406
129.74681612774307
512.2978415834983
0.3029326312221289
473.2026656735697
173.4781181865895
484.5317032224986
418.8856900955281
230.2904834458649
29.66560019898902
166.10953776495018
529.0334231704571
112.65200875978633
1.849501316153891
67.41317720409096
374.44911227593536
45.61244948400931
542.3858838172894
434.45975127059114
208.7796486242208
143.80607834771675
385.75703621573103
334.2049779967421
478.9661844851055
325.58054915578424
14.046931725724273
555.9571693044903
419.99446374600853
140.17957197343628
272.25408401714856
364.8226668864671
7.288592453090239
31.76721065568624
538.8934988782855
361.231169583855
472.7452527206287
29.09840170677516
57.82940868633622
333.0345844568058
523.8674197209607
234.1680705277141
80.86702912893085
481.6534594741682
382.0455165995404
281.8137125469147
289.18921875564047
203.06800483686757
462.23725702324515
90.64971270009363
43.399675785066535
474.4349585332027
57.80451413134028
475.5539424039818
44.58931439511383
574.3953764545431
555.0898644208291
301.21105326789365
121.53762186858526
216.6082704238117
75.24917264468614
282.55047826827195
473.89801279849365
377.5425860220727
555.1221311810399
627.8205499219083
131.87554376142228
502.7369364872148
41.10092846062373
90.73317600192014
218.91882801669445
620.8723644494404
471.383129935158
138.9542943390952
405.3433944235145
346.25783126328867
512.4139723349182
269.23742013667413
220.84722115793858
71.0731382550561
13.247626522005193
202.2260345594132
221.09238003229743
529.2813897600959
148.03185949173138
598.7945848472658
377.2088305056695
357.09094376476463
74.17751829908896
70.03783471408069
404.24185552871484
46.23975483219024
597.4539828299037
536.3450591318758
229.51128943312176
358.69589967347633
174.6031155431669
523.3253955053775
119.5057902864699
609.9170569705161
572.5994583543219
338.20517479811434
526.5365023523647
542.1458034698584
566.0238922019087
107.31854057032592
544.7057024291094
133.8354498245358
316.47025212687186
21.844224100770287
8.990554078930948
176.76728371648102
471.5226392801394
181.9065665545213
104.88298043143551
473.63090924449193
304.50250634462924
550.3648839291095
27.93373803704597
257.49490336658323
96.13156359356958
474.1230513902642
221.63535229685525
231.42345526334026
28.540516295981412
223.15166352605118
22.590512044341697
99.76800763827656
252.23978932146744
417.06046504506816
446.8780535784961
268.89134534653044
63.7304461820739
602.6462615803231
351.6236899930255
475.5617803569339
230.6113984757536
335.7326520373352
201.5297527247987
103.76584753967892
85.55655528470571
267.7338435860507
67.2940027557564
259.99202779666285
49.607988510753
566.334396110372
96.7933770060004
550.5887696308654
82.03079277842356
306.6516199420426
119.87893635859184
65.26861726009263
313.936680927001
170.8350722359404
331.84116458948625
550.3024010113396
157.79182504866662
74.40279674173594
185.25506590155163
269.7839019931979
539.1907681384998
289.9621747678482
1.1218381094469994
223.4113565231311
3.5432422625031967
215.70939561505278
459.0281147429528
320.49027721315116
404.2327383595594
43.48958777312314
120.08512592911595
486.25373663305743
514.6429753221923
336.7198183869599
445.81583616886354
360.7662881940297
40.6271073403861
100.30124278274981
12.237016283607185
529.0340653753841
502.6916612619103
28.93788293770067
591.7890549544531
580.0328800702158
319.02910927603335
355.09999686648155
374.4255508048696
322.7773952912212
357.6635693901577
55.35425230625332
301.73055915277206
376.92592967066867
371.53952304434836
36.67822741661018
234.99424361574899
252.5962690436559
428.9979245418427
407.87109401606466
232.47889005478038
276.0484846938786
546.7210838863749
