253.6467964944788
481.8683017219468
425.6309343535234
627.7433300184265
244.1209201804601
542.0225785516643
246.02193896997503
329.71550318328383
42.502831101835476
530.4417593637129
177.417113536227
530.2554638702877
592.0016684590634
475.1154333120397
497.2923561291246
279.79538719742783
94.77281039727468
516.0374745203901
236.88927024852828
44.480142224732845
606.7460203433907
382.4894907098333
132.08490968478085
614.4307087610047
553.6525452186755
616.4695870521863
342.6373386221772
624.4211670428123
199.51438543981877
557.6827926421344
576.4147763430657
548.0753709526034
194.58384418676712
219.20035851148904
22.46112689544012
436.23361169847396
385.1910564337407
132.7364671467016
401.9328155386365
310.7634120478709
389.74068048001305
79.65210881187865
366.090850306836
328.75455746051483
427.4949420521598
280.1801731878699
214.00374158441602
239.21270301912145
498.54143717498926
484.0263831363449
355.34784542898745
304.194003751328
24.214412594587824
189.6636366873632
188.2872233680409
393.84345030196647
109.19942620288003
175.37135689589948
470.65113024997527
266.3184283155895
622.7993813332521
503.16670230327003
1.2276918887814052
599.1596118523175
283.99998360672413
300.50477567016424
569.6792972198267
490.8085474577837
78.79554280109343
517.6870116055328
203.03659337971385
57.88741816141085
25.419375218429302
117.79587886801458
122.41222049754208
155.31792559648233
56.45514304246897
477.13963731071664
73.15250050051486
383.16347846726256
103.1858517048344
505.11325857778473
466.6042858550489
172.36354152857268
133.55589697454297
153.78400261406142
18.0915605035249
441.1506964901125
12.490991432550807
70.12360754829264
415.2644280328069
378.25805305518077
504.95700536649264
463.7896524498781
423.5122672419198
608.818036022741
565.2941546869134
268.58677072077853
489.3972155953811
368.74768081122664
556.5715166664277
403.2630842658384
167.59273029257304
616.8988827843115
64.64426206084558
122.6608477542567
304.1632890528865
368.5281647487723
125.18147481451321
548.8839401860272
230.8129333140492
211.7320323615374
601.2154794779531
45.538228049556274
585.3670284111267
422.2553476199452
69.71428103519521
577.9455097837578
565.1985032235597
523.8156443397593
137.81964796148895
384.1885678025766
176.21986327571392
197.62098997477855
435.48969998512405
520.9347348642887
381.46803895038875
451.9356209869885
81.25606228069329
477.7265696408082
256.4472893014013
197.78138254791958
379.5155011041829
287.43143641189687
249.99194984596645
77.13129513322791
38.333955407054255
27.789121530910943
225.830625277324
72.68702734589203
306.58568425970816
99.18206335459124
485.3227106623575
308.53128570741995
251.71292647800988
177.3645578844851
445.6962117743529
561.2861029480372
619.5541827964331
205.77194512129802
522.2354595435611
222.259955409176
498.8093174306034
159.89434979819262
65.6088405201482
318.2639509110228
489.13879778512603
349.6535428985706
464.2317780207591
39.162880671406896
190.9218471848
12.145013906918704
481.13539326512216
604.3479874688068
522.9777988038692
84.98429078209473
30.587121707522964
469.08021388463766
354.56248861624033
462.443274232687
255.6196684324373
173.85997795023454
436.513352039292
113.39388334130285
333.761517590973
20.27581468321381
439.6253316212522
548.6432121736474
463.2685892208752
488.16046538439855
262.846166665815
320.3657892394616
524.6596836743022
5.685312921769517
476.6607754333302
190.43475694661248
363.87326212344004
625.0913462439092
311.3913623529964
575.0760130480936
562.3557304538498
270.06965498471055
125.36832867911188
609.0449661955718
520.6882355373865
99.9139700176444
107.07234949040964
436.21291638804064
598.5327231272493
585.6089810162707
33.763954107506805
195.5248247433197
309.166690021793
457.2997500334127
97.07873069765148
618.5744128120552
534.3209786334842
423.21412296958226
86.4551290971114
429.8981920295678
504.7894982578924
407.3364400789377
239.5631921544001
357.61114509146205
207.567542595232
558.6621631073957
230.00326957413913
397.2905145790897
480.2953448050383
14.276040758550804
582.7264320527514
317.26525079488397
430.79901067185114
379.5497654233132
426.04990651891364
526.5536118579356
250.9756029412968
447.8735597714513
305.00829713053145
341.9903871566567
276.9507890313855
307.5454582798008
226.00910667162717
501.96516244019654
251.64017619229014
323.3029949828293
375.06317952123385
78.57357498042333
619.8457017272634
208.45634171801083
232.3871670497852
608.8741120738192
502.2161885744321
174.15398923626202
37.5059084068534
413.9618207770083
410.3884144606329
10.563196061307199
330.4265249675384
420.9985010368756
429.35737739948434
551.2510604657804
171.49295611559685
485.9847246670022
614.4005228291933
254.80472582790557
98.47366721534716
356.2677295752535
419.0245550408553
113.21723632871007
617.4464321236358
159.57488168488237
411.7707307730384
362.25240434615677
436.9834588243695
298.77426936189784
445.0606884432671
560.1829029180732
106.17272844972872
127.97571622613772
6.857490439783177
598.7504420259818
107.40959756197009
288.72254569623817
443.23309414259535
596.4514801659603
553.2745416975299
603.161866538101
413.8417110145688
434.0432723508551
476.91016854688263
258.98541137542963
548.1601726703146
348.32801905979113
583.629085123246
65.7390230868666
419.7276506550431
253.3677049482465
497.022539063997
231.10536038467203
376.47046861514985
481.50566961533735
274.32554635550457
271.481173039893
499.0492585445018
387.1955600804229
401.66858380145186
318.5347092466427
364.2097048024373
182.8785859457176
236.90568517786926
477.69715363422716
625.9451098386837
468.1054869681395
512.900545087688
509.03883339598707
606.0481493008891
542.385487602309
8.91199744937061
78.65787743158198
373.714597322491
175.84375845669848
348.8347427037105
132.5345302036982
386.9022428186411
231.18466546885372
403.5108109874128
601.5983961983575
176.733854985788
448.8974318816954
10.813093620309644
59.4273024450829
18.390700281397372
567.1430325784994
281.0744307696126
572.6356864806169
452.88900961715035
307.3761141601212
217.03940667004383
100.23399389835406
499.5829547403523
497.24163376925316
468.2093441280837
582.1477542054703
24.09651638071845
369.7789350842489
580.3534722422735
307.48452307631794
490.7333059364855
133.7618297605254
406.49977122640564
438.8473790342738
361.4438534861918
125.5615037940708
607.6528690037206
418.03228353753883
609.6193267489681
383.85211663692166
380.9429143773299
73.47474943000877
42.411993729186385
55.33932737656618
106.2171678772522
465.86176296203683
307.0922168272021
392.1868757429369
585.4287266913393
211.38807066470008
199.5957754942152
332.39711294171366
55.60872037146354
7.670035976067642
274.37593074723674
158.95803993517882
442.6253512528157
624.1567605181779
48.60960032509089
392.95019361051715
219.996678325706
575.9489951155958
534.8940878928576
112.60897563604318
585.2380456339279
467.27514022806884
257.89521399967634
105.83973479296664
560.3927627067885
569.0995657887884
7.1331058768838265
5.131211381064799
240.08001109067226
397.39460778331147
614.9151431732203
572.1026257856471
58.51229792490506
520.1679986994038
538.1118645314255
271.232347013345
201.9303480875341
251.60099304167076
324.140021052266
607.4871053332689
256.0790342307616
571.7088704919155
609.1279541940711
251.63569622479648
190.66231318046192
311.3289387139366
181.1319986226907
607.1486086842071
599.801009821062
397.2609958778824
288.71938396749687
581.3008719534532
151.96057528431396
370.51528146633774
124.49822770989321
45.96774431403603
461.0551352069378
440.4960658039042
607.0821251973858
341.6726288977384
534.8653410006359
553.1641924013842
300.37670136344184
167.2380540673737
295.16045376178164
392.24732361050735
44.45011487634317
129.94403235677
560.6827099345063
32.668918645190104
606.3966121849896
414.7907746512208
44.76666858625326
166.11993105891278
196.86885901692554
457.755788891232
539.8295638257572
622.3148672522865
411.7082707267007
386.71302506104314
82.11277898906953
323.6777077411843
415.0016155608197
450.163386312888
594.6356313882143
17.751862807539528
242.74907044134702
32.748850000802705
78.33201409842192
324.0332527948392
118.93600536085114
591.3829836672053
189.0106122135349
139.65339980597565
110.81250434467314
203.48944357304524
461.97755287759963
303.1283830632964
527.8135300119721
585.7462986526729
293.39896914959724
348.0849201190337
127.46710502976005
298.9250085449808
107.96043133274752
150.40798289839108
141.15298045682542
596.9294262967505
604.2950775123187
415.38156221633034
188.25045299106858
148.2847254744128
194.59468025569245
121.45936152632164
619.1655545220066
520.1396373018019
217.30593950497902
162.67968040478908
482.3141960059922
73.1662542957704
328.890655554669
82.23611229411672
143.7974706064362
535.7087067094753
169.2440757573821
388.9738053530815
288.89897052259863
338.85820774750704
285.83070642133237
494.4117283752742
404.8380046429458
539.5145248652632
514.2805657256691
583.2882296977855
251.57044561590942
459.08326563573405
85.41205265138271
18.22966747263246
92.96360954272473
182.50334446751708
489.9641367976808
293.93201782570486
37.559822095813296
2.0195640752424846
487.3198321057006
526.6504484119995
336.6100990954738
547.790697092982
3.3562074993140008
174.25464679715145
288.35588513721297
537.2923952485952
275.2817387875187
116.31926034399505
386.6602466237602
249.5581303538495
251.4453395674968
110.51575785379944
190.8407490505135
560.2608244554282
471.27334774490487
558.4088092695672
29.308210026313787
342.37532334714075
171.09291863954203
87.87713954741095
69.63071080562072
134.31570607915722
371.6376924690394
409.38164630344414
311.5370635476231
177.1863154163719
102.64630790368643
312.895394710794
65.33375813451734
84.4100434929355
552.7717065787135
11.391420031476654
531.5966914625227
619.47261050945
184.91035808224805
549.6502890173532
619.663689885708
324.19796077037927
190.37583570658265
469.1255803226378
275.93119940174574
504.0772953359558
383.2079443467492
569.9230938375429
108.16037151324608
259.5498562714267
